04 01 1950 16 28 30 40 48
11 01 1950 8 18 25 32 47
18 01 1950 11 12 16 29 40
25 01 1950 12 21 28 35 47
01 02 1950 6 8 14 15 49
08 02 1950 25 28 30 39 49
15 02 1950 8 11 14 16 49
22 02 1950 8 23 25 26 45
01 03 1950 17 29 33 37 50
08 03 1950 1 8 23 34 49
15 03 1950 13 20 34 40 47
22 03 1950 9 11 22 35 45
29 03 1950 21 27 29 44 50
05 04 1950 2 7 22 30 34
12 04 1950 10 23 27 33 43
19 04 1950 5 27 28 30 40
26 04 1950 14 22 24 40 43
03 05 1950 3 10 17 24 32
10 05 1950 9 11 27 33 49
17 05 1950 5 12 26 31 37
24 05 1950 11 31 32 35 47
31 05 1950 4 30 33 38 40
07 06 1950 3 8 19 27 43
14 06 1950 16 26 41 42 45
21 06 1950 20 21 26 29 36
28 06 1950 1 3 17 40 42
05 07 1950 2 4 19 33 37
12 07 1950 1 7 16 22 25
19 07 1950 5 27 31 35 45
26 07 1950 7 22 24 46 50
02 08 1950 16 17 41 46 49
09 08 1950 4 22 31 40 47
16 08 1950 2 4 5 46 48
23 08 1950 9 13 23 36 41
30 08 1950 8 9 15 30 35
06 09 1950 2 10 25 38 42
13 09 1950 7 18 28 45 47
20 09 1950 13 17 19 27 31
27 09 1950 2 16 35 41 45
04 10 1950 16 24 35 38 49
11 10 1950 2 4 5 13 45
18 10 1950 4 7 30 39 42
25 10 1950 15 26 36 45 48
01 11 1950 2 7 8 25 36
08 11 1950 23 26 37 41 44
15 11 1950 18 24 28 43 44
22 11 1950 16 22 24 27 39
29 11 1950 10 29 36 39 47
06 12 1950 14 32 35 38 48
13 12 1950 13 20 33 36 39
20 12 1950 1 12 22 29 41
27 12 1950 1 2 3 24 33
03 01 1951 4 20 24 25 41
10 01 1951 18 29 31 37 39
17 01 1951 16 18 32 49 50
24 01 1951 1 15 16 37 38
31 01 1951 15 26 28 40 41
07 02 1951 3 17 20 33 42
14 02 1951 4 10 30 34 44
21 02 1951 1 6 17 38 50
28 02 1951 1 5 18 37 39
07 03 1951 5 19 23 30 40
14 03 1951 4 5 9 12 32
21 03 1951 20 34 35 42 50
28 03 1951 1 9 25 28 39
04 04 1951 8 25 26 41 46
11 04 1951 14 24 26 34 46
18 04 1951 2 3 24 29 35
25 04 1951 9 35 39 40 49
02 05 1951 1 9 10 23 44
09 05 1951 3 7 33 36 46
16 05 1951 6 31 33 40 43
23 05 1951 10 25 26 28 49
30 05 1951 3 14 28 29 30
06 06 1951 3 27 29 36 40
13 06 1951 27 35 38 39 46
20 06 1951 17 22 23 40 43
27 06 1951 14 22 27 29 37
04 07 1951 3 5 23 32 50
11 07 1951 1 11 16 29 30
18 07 1951 6 7 35 43 47
25 07 1951 7 23 25 28 38
01 08 1951 1 10 16 30 47
08 08 1951 20 25 31 44 47
15 08 1951 10 18 19 26 27
22 08 1951 8 22 30 37 47
29 08 1951 7 15 38 42 45
05 09 1951 8 11 19 32 46
12 09 1951 23 24 33 47 49
19 09 1951 6 7 18 31 50
26 09 1951 5 20 35 39 44
03 10 1951 14 15 24 26 36
10 10 1951 9 16 27 40 47
17 10 1951 17 26 40 44 47
24 10 1951 6 22 42 43 47
31 10 1951 12 36 44 48 49
07 11 1951 7 8 11 20 28
14 11 1951 3 17 39 42 45
21 11 1951 4 6 13 23 39
28 11 1951 1 3 12 16 48
05 12 1951 8 10 16 24 29
12 12 1951 2 7 9 16 22
19 12 1951 26 30 33 35 37
26 12 1951 2 23 27 28 46
02 01 1952 1 5 39 40 41
09 01 1952 4 6 17 19 44
16 01 1952 28 29 32 34 46
23 01 1952 13 21 22 42 49
30 01 1952 2 7 8 17 39
06 02 1952 5 29 32 34 36
13 02 1952 22 29 36 42 43
20 02 1952 14 29 31 45 49
27 02 1952 9 13 27 41 46
05 03 1952 11 18 30 33 35
12 03 1952 16 19 27 36 39
19 03 1952 12 20 25 39 47
26 03 1952 7 33 37 49 50
02 04 1952 29 33 37 39 48
09 04 1952 2 15 32 41 43
16 04 1952 12 18 22 25 34
23 04 1952 1 5 20 40 43
30 04 1952 18 19 39 40 49
07 05 1952 22 31 39 40 45
14 05 1952 9 18 19 21 40
21 05 1952 1 11 12 25 43
28 05 1952 9 16 27 28 47
04 06 1952 4 16 18 21 33
11 06 1952 14 17 22 23 35
18 06 1952 3 7 17 28 49
25 06 1952 1 11 17 20 42
02 07 1952 12 21 34 36 46
09 07 1952 3 8 23 30 31
16 07 1952 5 11 20 26 43
23 07 1952 4 11 26 34 47
30 07 1952 9 18 42 47 49
06 08 1952 5 8 27 28 45
13 08 1952 11 22 40 41 43
20 08 1952 5 14 21 30 45
27 08 1952 14 15 20 31 49
03 09 1952 11 12 29 39 46
10 09 1952 5 11 26 27 31
17 09 1952 9 20 29 35 41
24 09 1952 12 20 34 39 47
01 10 1952 5 13 19 35 36
08 10 1952 1 2 17 21 37
15 10 1952 7 8 13 18 30
22 10 1952 12 25 29 37 39
29 10 1952 26 31 39 48 50
05 11 1952 11 22 28 46 49
12 11 1952 8 11 33 38 46
19 11 1952 19 26 28 47 49
26 11 1952 26 36 37 40 45
03 12 1952 17 22 33 35 45
10 12 1952 11 13 14 34 36
17 12 1952 9 11 22 26 32
24 12 1952 9 29 30 41 44
31 12 1952 5 6 8 33 39
07 01 1953 17 25 30 40 46
14 01 1953 22 24 37 38 41
21 01 1953 1 7 19 28 32
28 01 1953 9 16 20 27 49
04 02 1953 6 30 38 49 50
11 02 1953 13 23 39 44 47
18 02 1953 3 8 31 35 42
25 02 1953 5 13 39 47 49
04 03 1953 10 11 27 34 44
11 03 1953 4 20 21 25 31
18 03 1953 10 30 36 37 43
25 03 1953 2 9 11 25 39
01 04 1953 2 32 37 43 46
08 04 1953 1 34 38 43 46
15 04 1953 2 19 36 41 43
22 04 1953 1 21 28 46 47
29 04 1953 2 9 43 44 45
06 05 1953 10 12 20 31 41
13 05 1953 3 10 26 42 50
20 05 1953 13 31 36 39 47
27 05 1953 4 15 23 34 50
03 06 1953 2 24 46 47 49
10 06 1953 28 32 38 40 45
17 06 1953 1 14 18 27 49
24 06 1953 9 10 11 13 36
01 07 1953 13 28 46 49 50
08 07 1953 13 26 35 39 50
15 07 1953 11 21 34 37 38
22 07 1953 2 11 17 34 44
29 07 1953 2 11 16 30 43
05 08 1953 1 13 26 30 40
12 08 1953 10 26 39 41 43
19 08 1953 2 12 15 27 38
26 08 1953 4 36 43 46 47
02 09 1953 9 15 29 41 47
09 09 1953 3 5 17 20 50
16 09 1953 9 19 36 39 47
23 09 1953 1 11 16 28 31
30 09 1953 4 5 10 20 26
07 10 1953 7 14 18 24 29
14 10 1953 2 31 39 42 50
21 10 1953 13 16 23 43 49
28 10 1953 2 9 14 17 44
04 11 1953 11 21 23 35 46
11 11 1953 15 21 27 36 46
18 11 1953 2 9 27 42 43
25 11 1953 21 28 29 39 44
02 12 1953 10 21 23 33 43
09 12 1953 5 15 23 26 37
16 12 1953 10 12 32 36 42
23 12 1953 7 9 30 38 44
30 12 1953 9 28 33 36 44
06 01 1954 8 15 24 34 38
13 01 1954 10 16 27 37 40
20 01 1954 11 26 46 48 49
27 01 1954 7 23 30 38 48
03 02 1954 25 27 31 45 46
10 02 1954 10 11 19 22 29
17 02 1954 6 12 15 20 39
24 02 1954 4 5 8 17 29
03 03 1954 5 12 15 31 50
10 03 1954 9 15 18 20 46
17 03 1954 11 17 23 46 49
24 03 1954 6 13 25 34 40
31 03 1954 18 22 32 36 39
07 04 1954 2 14 19 47 49
14 04 1954 3 14 15 23 31
21 04 1954 5 22 26 28 46
28 04 1954 1 38 39 43 44
05 05 1954 1 5 18 42 45
12 05 1954 3 9 13 21 24
19 05 1954 1 4 13 25 45
26 05 1954 7 10 19 20 29
02 06 1954 24 34 39 44 49
09 06 1954 29 32 34 43 48
16 06 1954 26 27 30 49 50
23 06 1954 3 10 17 24 34
30 06 1954 4 8 9 15 29
07 07 1954 7 19 23 36 48
14 07 1954 14 21 29 43 48
21 07 1954 2 21 23 24 48
28 07 1954 1 4 6 20 45
04 08 1954 5 8 25 31 40
11 08 1954 5 14 16 32 44
18 08 1954 15 17 18 34 43
25 08 1954 4 11 12 35 48
01 09 1954 7 10 27 30 32
08 09 1954 33 35 40 43 49
15 09 1954 13 16 19 23 49
22 09 1954 8 20 25 37 47
29 09 1954 4 14 15 41 48
06 10 1954 5 10 27 36 39
13 10 1954 6 20 23 31 33
20 10 1954 8 18 26 47 48
27 10 1954 12 19 29 41 45
03 11 1954 10 24 35 45 50
10 11 1954 11 14 18 39 40
17 11 1954 2 3 17 38 48
24 11 1954 10 19 24 30 34
01 12 1954 7 9 15 29 47
08 12 1954 11 17 18 22 39
15 12 1954 7 16 20 31 33
22 12 1954 10 15 31 44 48
29 12 1954 9 12 13 17 46
05 01 1955 7 24 26 43 47
12 01 1955 2 5 13 42 50
19 01 1955 5 23 26 33 38
26 01 1955 6 7 9 17 24
02 02 1955 4 14 26 35 47
09 02 1955 11 28 40 43 46
16 02 1955 13 21 23 40 49
23 02 1955 15 17 24 28 42
02 03 1955 6 16 19 24 47
09 03 1955 5 7 13 36 48
16 03 1955 17 25 30 40 42
23 03 1955 11 14 17 40 50
30 03 1955 1 4 23 45 49
06 04 1955 16 22 24 32 40
13 04 1955 7 11 14 39 50
20 04 1955 9 15 19 37 41
27 04 1955 5 22 30 41 48
04 05 1955 11 37 38 48 49
11 05 1955 1 5 11 16 34
18 05 1955 13 15 24 29 42
25 05 1955 16 22 25 32 33
01 06 1955 8 18 39 43 49
08 06 1955 17 19 20 32 46
15 06 1955 19 20 30 32 45
22 06 1955 17 21 28 37 44
29 06 1955 8 9 12 33 45
06 07 1955 9 16 28 34 39
13 07 1955 7 16 18 26 49
20 07 1955 4 18 21 26 43
27 07 1955 7 18 24 27 38
03 08 1955 11 23 42 43 48
10 08 1955 3 9 15 18 33
17 08 1955 15 19 32 38 48
24 08 1955 6 12 35 36 40
31 08 1955 4 16 25 31 41
07 09 1955 16 41 47 48 49
14 09 1955 2 13 28 42 50
21 09 1955 6 8 22 32 48
28 09 1955 14 31 32 48 50
05 10 1955 4 17 21 36 37
12 10 1955 16 17 26 34 41
19 10 1955 5 17 23 24 38
26 10 1955 16 19 24 44 45
02 11 1955 23 26 28 34 42
09 11 1955 7 24 31 37 44
16 11 1955 11 18 24 33 49
23 11 1955 1 11 27 31 39
30 11 1955 1 19 25 27 43
07 12 1955 16 33 36 39 44
14 12 1955 13 17 28 38 50
21 12 1955 26 28 32 46 50
28 12 1955 7 20 28 34 38
04 01 1956 28 30 45 47 48
11 01 1956 3 8 22 24 48
18 01 1956 15 25 26 41 43
25 01 1956 3 26 34 35 37
01 02 1956 5 19 23 30 46
08 02 1956 8 14 17 25 38
15 02 1956 13 19 20 29 40
22 02 1956 10 17 31 39 42
29 02 1956 9 23 27 34 50
07 03 1956 12 16 38 39 46
14 03 1956 11 14 24 38 43
21 03 1956 11 29 36 42 46
28 03 1956 7 14 23 25 50
04 04 1956 2 9 18 29 34
11 04 1956 14 27 33 34 42
18 04 1956 3 15 22 37 48
25 04 1956 9 14 25 26 32
02 05 1956 4 13 22 25 34
09 05 1956 3 9 19 22 45
16 05 1956 14 26 33 42 49
23 05 1956 9 27 30 39 40
30 05 1956 19 32 33 34 35
06 06 1956 19 27 44 45 46
13 06 1956 1 2 18 24 36
20 06 1956 3 7 9 11 31
27 06 1956 8 15 17 37 44
04 07 1956 7 13 21 27 46
11 07 1956 4 10 11 25 44
18 07 1956 4 16 22 33 40
25 07 1956 15 33 36 42 50
01 08 1956 2 8 11 26 44
08 08 1956 29 30 33 43 47
15 08 1956 1 8 17 27 45
22 08 1956 13 19 21 38 44
29 08 1956 4 10 18 27 43
05 09 1956 3 12 19 31 44
12 09 1956 2 7 25 27 39
19 09 1956 5 11 17 35 38
26 09 1956 1 14 16 24 32
03 10 1956 6 21 29 40 42
10 10 1956 9 14 22 25 48
17 10 1956 3 12 21 26 47
24 10 1956 13 14 22 23 27
31 10 1956 15 16 27 31 41
07 11 1956 5 6 32 46 49
14 11 1956 4 21 24 37 49
21 11 1956 13 15 42 45 47
28 11 1956 6 12 21 35 38
05 12 1956 16 23 24 45 46
12 12 1956 6 12 40 44 49
19 12 1956 4 38 39 49 50
26 12 1956 4 11 25 47 48
02 01 1957 11 12 17 20 21
09 01 1957 24 35 46 47 49
16 01 1957 1 10 36 43 46
23 01 1957 4 10 15 39 41
30 01 1957 2 3 31 42 43
06 02 1957 1 7 17 26 40
13 02 1957 6 32 35 36 49
20 02 1957 20 28 33 35 48
27 02 1957 25 33 36 41 42
06 03 1957 8 16 33 46 47
13 03 1957 2 7 14 21 48
20 03 1957 6 10 31 48 49
27 03 1957 4 17 19 48 49
03 04 1957 1 20 27 33 46
10 04 1957 4 10 33 35 47
17 04 1957 6 23 25 34 42
24 04 1957 7 21 29 37 38
01 05 1957 16 26 35 43 44
08 05 1957 9 24 32 49 50
15 05 1957 6 30 33 34 39
22 05 1957 11 21 22 29 45
29 05 1957 4 9 18 38 41
05 06 1957 16 42 43 48 49
12 06 1957 13 15 17 20 49
19 06 1957 3 11 32 42 43
26 06 1957 12 16 32 36 48
03 07 1957 15 16 42 44 48
10 07 1957 5 10 18 21 25
17 07 1957 9 14 19 25 38
24 07 1957 6 24 25 32 50
31 07 1957 9 12 26 47 48
07 08 1957 16 17 23 24 34
14 08 1957 10 30 33 48 50
21 08 1957 3 11 21 25 36
28 08 1957 4 21 40 41 45
04 09 1957 5 21 29 42 47
11 09 1957 22 24 28 30 33
18 09 1957 4 6 9 20 25
25 09 1957 1 9 39 41 50
02 10 1957 5 11 18 19 43
09 10 1957 8 28 30 31 48
16 10 1957 26 41 46 48 50
23 10 1957 3 25 28 31 32
30 10 1957 11 27 36 37 50
06 11 1957 2 17 20 39 50
13 11 1957 9 14 29 44 46
20 11 1957 3 17 23 38 43
27 11 1957 5 38 42 43 50
04 12 1957 11 15 25 32 45
11 12 1957 20 22 43 46 47
18 12 1957 11 12 22 33 48
25 12 1957 2 7 26 29 39
01 01 1958 5 13 25 31 49
08 01 1958 11 14 29 40 44
15 01 1958 13 22 25 27 50
22 01 1958 8 16 18 21 42
29 01 1958 2 24 28 44 45
05 02 1958 12 17 30 35 36
12 02 1958 23 29 36 38 40
19 02 1958 30 33 39 45 50
26 02 1958 6 20 21 27 45
05 03 1958 5 12 13 27 45
12 03 1958 17 23 27 39 40
19 03 1958 4 21 32 43 45
26 03 1958 13 17 19 32 46
02 04 1958 6 8 20 36 50
09 04 1958 15 21 28 32 50
16 04 1958 12 28 39 49 50
23 04 1958 6 21 30 40 41
30 04 1958 11 37 43 44 50
07 05 1958 1 13 18 31 33
14 05 1958 19 20 32 37 40
21 05 1958 6 18 19 36 48
28 05 1958 5 27 32 33 37
04 06 1958 16 18 23 24 36
11 06 1958 10 24 30 41 46
18 06 1958 4 16 26 44 48
25 06 1958 6 7 25 37 46
02 07 1958 5 11 16 18 25
09 07 1958 6 13 24 40 49
16 07 1958 1 13 16 18 40
23 07 1958 1 13 23 28 30
30 07 1958 4 9 23 38 50
06 08 1958 6 14 23 37 40
13 08 1958 1 4 16 30 50
20 08 1958 11 18 29 41 50
27 08 1958 11 15 36 43 47
03 09 1958 1 10 15 38 46
10 09 1958 6 16 17 18 50
17 09 1958 11 20 24 31 36
24 09 1958 20 27 40 43 44
01 10 1958 3 4 24 31 39
08 10 1958 1 18 24 34 38
15 10 1958 23 27 32 34 38
22 10 1958 10 14 33 45 46
29 10 1958 10 21 33 38 40
05 11 1958 9 16 21 22 31
12 11 1958 1 20 23 33 37
19 11 1958 11 24 26 37 41
26 11 1958 1 14 17 22 33
03 12 1958 1 10 12 20 48
10 12 1958 1 5 11 21 22
17 12 1958 2 16 24 26 43
24 12 1958 6 12 24 25 42
31 12 1958 2 13 25 30 35
07 01 1959 4 19 45 48 50
14 01 1959 11 12 28 48 49
21 01 1959 9 10 31 34 39
28 01 1959 9 16 24 35 47
04 02 1959 5 8 20 32 46
11 02 1959 4 26 30 34 48
18 02 1959 1 27 28 31 42
25 02 1959 3 16 24 29 30
04 03 1959 34 39 40 42 49
11 03 1959 4 5 14 15 20
18 03 1959 12 15 20 34 45
25 03 1959 17 19 30 40 44
01 04 1959 21 24 26 27 48
08 04 1959 6 25 36 40 50
15 04 1959 25 27 31 34 40
22 04 1959 7 35 42 44 50
29 04 1959 9 13 26 34 49
06 05 1959 19 23 38 41 42
13 05 1959 11 13 15 39 44
20 05 1959 4 15 31 44 50
27 05 1959 5 19 24 26 50
03 06 1959 4 10 13 27 49
10 06 1959 14 16 22 43 48
17 06 1959 9 32 35 45 47
24 06 1959 14 23 28 30 35
01 07 1959 10 14 29 34 41
08 07 1959 4 9 14 18 25
15 07 1959 1 5 14 21 27
22 07 1959 2 13 36 38 50
29 07 1959 17 18 32 43 46
05 08 1959 5 8 37 45 48
12 08 1959 8 15 20 23 30
19 08 1959 2 7 38 44 47
26 08 1959 3 5 30 31 35
02 09 1959 6 38 41 43 45
09 09 1959 10 24 32 40 42
16 09 1959 10 14 27 40 41
23 09 1959 13 21 39 41 49
30 09 1959 8 9 12 28 34
07 10 1959 4 6 18 24 41
14 10 1959 3 11 17 18 23
21 10 1959 6 8 15 29 41
28 10 1959 8 11 20 30 32
04 11 1959 1 9 27 30 39
11 11 1959 6 13 20 39 40
18 11 1959 1 8 26 33 43
25 11 1959 1 15 33 34 46
02 12 1959 8 28 38 49 50
09 12 1959 5 10 32 34 48
16 12 1959 3 19 25 39 50
23 12 1959 3 9 23 41 49
30 12 1959 7 32 35 43 50
06 01 1960 1 27 35 40 50
13 01 1960 5 6 22 28 50
20 01 1960 14 15 21 31 38
27 01 1960 12 14 33 34 42
03 02 1960 1 2 18 24 38
10 02 1960 2 7 21 37 48
17 02 1960 4 25 38 39 49
24 02 1960 11 33 38 39 41
02 03 1960 1 4 19 37 40
09 03 1960 3 18 34 35 43
16 03 1960 4 16 36 38 43
23 03 1960 10 12 13 42 44
30 03 1960 7 11 18 29 41
06 04 1960 7 10 19 20 37
13 04 1960 6 8 13 17 28
20 04 1960 5 12 19 40 43
27 04 1960 7 14 27 36 41
04 05 1960 9 18 31 33 46
11 05 1960 1 7 8 32 50
18 05 1960 8 15 28 45 50
25 05 1960 22 30 35 37 49
01 06 1960 3 5 22 23 46
08 06 1960 9 25 35 41 49
15 06 1960 9 33 40 41 49
22 06 1960 1 29 32 38 42
29 06 1960 27 32 33 49 50
06 07 1960 11 13 22 25 41
13 07 1960 1 2 17 24 30
20 07 1960 1 9 12 15 39
27 07 1960 1 11 13 28 45
03 08 1960 10 13 25 29 45
10 08 1960 21 35 43 44 46
17 08 1960 9 18 33 38 46
24 08 1960 4 14 28 42 44
31 08 1960 3 4 15 16 46
07 09 1960 10 17 19 23 36
14 09 1960 1 7 13 48 50
21 09 1960 5 13 29 41 43
28 09 1960 8 10 30 39 49
05 10 1960 1 24 25 28 30
12 10 1960 16 19 32 33 49
19 10 1960 8 18 38 45 49
26 10 1960 3 32 38 41 45
02 11 1960 9 16 36 42 49
09 11 1960 27 31 38 46 49
16 11 1960 1 13 16 18 37
23 11 1960 2 12 30 34 50
30 11 1960 9 13 30 38 49
07 12 1960 5 11 28 32 49
14 12 1960 1 18 28 40 42
21 12 1960 25 38 39 40 48
28 12 1960 3 17 27 47 50
04 01 1961 32 45 48 49 50
11 01 1961 7 13 38 40 50
18 01 1961 1 5 12 19 42
25 01 1961 7 8 20 22 34
01 02 1961 8 12 14 46 50
08 02 1961 25 26 42 45 47
15 02 1961 3 17 28 45 48
22 02 1961 16 29 35 37 38
01 03 1961 9 17 29 33 40
08 03 1961 12 26 28 35 36
15 03 1961 3 34 36 38 46
22 03 1961 20 28 43 47 50
29 03 1961 23 24 25 29 42
05 04 1961 15 16 20 27 42
12 04 1961 3 5 16 21 45
19 04 1961 6 33 42 45 48
26 04 1961 13 28 37 40 49
03 05 1961 14 33 40 41 45
10 05 1961 3 10 19 24 41
17 05 1961 2 3 20 32 38
24 05 1961 6 26 27 44 47
31 05 1961 5 20 25 38 48
07 06 1961 1 12 27 39 49
14 06 1961 25 31 42 43 47
21 06 1961 12 23 38 46 50
28 06 1961 4 11 22 23 24
05 07 1961 13 15 30 43 50
12 07 1961 4 7 19 31 32
19 07 1961 2 36 42 44 45
26 07 1961 12 18 36 42 49
02 08 1961 3 12 13 17 25
09 08 1961 3 24 37 40 48
16 08 1961 16 27 33 35 41
23 08 1961 4 15 17 20 36
30 08 1961 1 2 9 23 36
06 09 1961 3 14 17 23 40
13 09 1961 16 18 19 33 43
20 09 1961 22 31 34 41 42
27 09 1961 1 15 17 36 49
04 10 1961 15 18 26 36 40
11 10 1961 9 18 27 31 40
18 10 1961 12 21 29 45 47
25 10 1961 6 9 16 20 36
01 11 1961 6 20 37 42 50
08 11 1961 4 5 18 20 21
15 11 1961 6 13 21 38 46
22 11 1961 11 16 35 41 47
29 11 1961 11 33 38 41 43
06 12 1961 5 6 14 20 40
13 12 1961 14 15 21 31 50
20 12 1961 4 34 38 42 43
27 12 1961 13 21 42 43 46
03 01 1962 7 28 36 41 49
10 01 1962 9 26 31 32 41
17 01 1962 11 20 26 32 45
24 01 1962 6 32 41 46 50
31 01 1962 9 13 18 21 39
07 02 1962 4 28 38 44 47
14 02 1962 27 35 43 44 48
21 02 1962 3 17 19 44 49
28 02 1962 8 21 23 27 46
07 03 1962 9 20 36 40 42
14 03 1962 12 24 32 37 45
21 03 1962 1 3 13 26 49
28 03 1962 1 2 9 25 37
04 04 1962 5 7 42 43 50
11 04 1962 7 9 12 29 50
18 04 1962 1 6 15 23 47
25 04 1962 6 9 17 21 38
02 05 1962 6 13 43 47 48
09 05 1962 4 21 31 37 49
16 05 1962 16 23 27 43 44
23 05 1962 22 25 29 37 38
30 05 1962 4 11 23 34 49
06 06 1962 7 12 22 30 45
13 06 1962 5 19 20 25 43
20 06 1962 5 8 20 25 49
27 06 1962 27 29 45 46 50
04 07 1962 5 12 19 23 44
11 07 1962 7 19 43 45 47
18 07 1962 9 13 16 36 50
25 07 1962 8 12 29 32 50
01 08 1962 8 12 36 38 40
08 08 1962 4 9 12 19 36
15 08 1962 11 12 19 22 23
22 08 1962 8 12 16 21 41
29 08 1962 2 6 12 13 25
05 09 1962 8 13 15 24 40
12 09 1962 13 28 42 49 50
19 09 1962 5 7 13 14 20
26 09 1962 15 32 37 39 45
03 10 1962 4 5 9 16 19
10 10 1962 5 22 28 34 49
17 10 1962 12 19 25 29 45
24 10 1962 6 7 16 20 25
31 10 1962 3 23 32 37 48
07 11 1962 2 29 36 46 49
14 11 1962 1 22 26 44 47
21 11 1962 3 21 27 30 44
28 11 1962 15 19 22 24 29
05 12 1962 1 6 10 30 36
12 12 1962 5 20 36 39 46
19 12 1962 1 3 4 19 24
26 12 1962 15 20 22 25 47
02 01 1963 4 17 38 47 48
09 01 1963 1 2 20 21 25
16 01 1963 4 6 7 16 50
23 01 1963 6 10 13 33 45
30 01 1963 6 12 17 26 35
06 02 1963 4 13 33 43 44
13 02 1963 5 7 9 11 48
20 02 1963 2 13 26 28 33
27 02 1963 7 26 34 39 40
06 03 1963 6 13 20 29 49
13 03 1963 12 18 31 40 43
20 03 1963 24 27 35 38 46
27 03 1963 12 36 42 45 50
03 04 1963 18 26 36 45 46
10 04 1963 8 9 28 42 47
17 04 1963 11 13 18 20 47
24 04 1963 9 32 34 39 41
01 05 1963 3 11 14 15 18
08 05 1963 3 10 14 37 46
15 05 1963 2 6 7 12 32
22 05 1963 32 40 41 42 47
29 05 1963 5 13 22 39 41
05 06 1963 1 31 34 39 49
12 06 1963 4 7 14 18 24
19 06 1963 8 9 19 24 27
26 06 1963 15 17 19 36 37
03 07 1963 1 11 25 35 48
10 07 1963 2 29 38 39 50
17 07 1963 3 28 34 38 48
24 07 1963 9 21 34 40 41
31 07 1963 1 25 37 42 50
07 08 1963 12 15 22 33 41
14 08 1963 2 3 22 32 46
21 08 1963 4 23 25 30 43
28 08 1963 10 13 36 39 43
04 09 1963 3 7 13 34 50
11 09 1963 11 16 23 35 50
18 09 1963 15 17 20 22 49
25 09 1963 3 19 32 41 45
02 10 1963 2 12 26 43 48
09 10 1963 4 14 24 36 48
16 10 1963 17 19 31 32 33
23 10 1963 1 7 30 32 47
30 10 1963 21 22 29 38 47
06 11 1963 8 9 15 21 31
13 11 1963 8 10 14 19 43
20 11 1963 16 17 25 43 49
27 11 1963 9 18 26 29 49
04 12 1963 9 10 15 38 47
11 12 1963 5 21 25 33 35
18 12 1963 5 16 23 34 43
25 12 1963 20 34 38 44 50
01 01 1964 1 4 9 10 12
08 01 1964 5 22 28 37 41
15 01 1964 3 10 16 18 50
22 01 1964 15 16 36 40 49
29 01 1964 6 14 16 22 50
05 02 1964 9 15 22 25 39
12 02 1964 12 18 22 32 33
19 02 1964 12 21 22 31 43
26 02 1964 3 12 23 32 50
04 03 1964 10 15 27 44 48
11 03 1964 11 12 36 47 50
18 03 1964 2 16 24 26 40
25 03 1964 3 7 22 41 47
01 04 1964 3 28 37 45 50
08 04 1964 4 6 8 24 50
15 04 1964 2 3 13 27 41
22 04 1964 1 15 23 27 28
29 04 1964 18 31 40 43 45
06 05 1964 2 7 17 18 35
13 05 1964 1 40 44 45 48
20 05 1964 2 9 19 26 39
27 05 1964 9 10 17 24 30
03 06 1964 15 31 37 47 48
10 06 1964 7 9 14 19 37
17 06 1964 3 4 10 29 45
24 06 1964 1 3 12 34 40
01 07 1964 4 10 12 29 44
08 07 1964 9 21 24 41 47
15 07 1964 7 23 33 37 45
22 07 1964 2 8 12 32 50
29 07 1964 7 8 18 19 22
05 08 1964 24 27 29 32 47
12 08 1964 13 14 27 36 40
19 08 1964 6 8 12 14 24
26 08 1964 2 4 22 39 42
02 09 1964 11 30 33 43 49
09 09 1964 3 16 38 40 47
16 09 1964 6 19 28 30 45
23 09 1964 1 10 22 43 45
30 09 1964 11 12 16 23 30
07 10 1964 4 15 16 21 25
14 10 1964 9 16 28 34 50
21 10 1964 8 13 32 37 40
28 10 1964 13 18 34 41 47
04 11 1964 2 10 12 24 31
11 11 1964 3 4 28 31 41
18 11 1964 6 21 26 43 48
25 11 1964 8 10 16 20 45
02 12 1964 2 7 11 26 38
09 12 1964 7 9 19 24 49
16 12 1964 1 24 30 31 41
23 12 1964 6 7 29 37 40
30 12 1964 6 7 12 45 50
06 01 1965 4 9 15 27 36
13 01 1965 4 21 31 41 46
20 01 1965 2 16 25 27 45
27 01 1965 4 17 27 30 50
03 02 1965 8 15 22 33 36
10 02 1965 1 14 18 30 44
17 02 1965 2 8 15 24 29
24 02 1965 12 29 32 38 47
03 03 1965 2 5 10 20 44
10 03 1965 5 11 31 39 40
17 03 1965 15 23 38 39 49
24 03 1965 6 13 18 28 37
31 03 1965 3 32 34 35 45
07 04 1965 12 26 32 33 45
14 04 1965 8 29 34 35 40
21 04 1965 17 21 39 41 50
28 04 1965 4 26 28 38 39
05 05 1965 1 12 30 33 45
12 05 1965 16 20 31 33 47
19 05 1965 10 13 37 48 49
26 05 1965 14 20 21 40 50
02 06 1965 17 22 30 34 39
09 06 1965 18 21 23 48 50
16 06 1965 2 4 8 33 44
23 06 1965 3 4 19 36 37
30 06 1965 14 19 31 49 50
07 07 1965 2 23 36 38 49
14 07 1965 9 20 21 28 41
21 07 1965 27 42 43 44 49
28 07 1965 2 25 28 38 45
04 08 1965 36 38 40 48 50
11 08 1965 4 5 17 37 49
18 08 1965 1 4 24 27 35
25 08 1965 3 12 15 23 35
01 09 1965 7 22 28 38 40
08 09 1965 26 39 40 44 47
15 09 1965 20 26 27 28 39
22 09 1965 13 25 29 42 44
29 09 1965 6 22 44 47 49
06 10 1965 3 19 21 24 37
13 10 1965 4 26 32 36 42
20 10 1965 2 6 15 26 37
27 10 1965 2 4 16 29 33
03 11 1965 4 28 42 43 49
10 11 1965 2 7 14 25 36
17 11 1965 1 5 34 35 39
24 11 1965 13 20 35 37 42
01 12 1965 21 25 26 29 34
08 12 1965 5 10 14 17 48
15 12 1965 5 9 11 20 48
22 12 1965 1 6 14 19 38
29 12 1965 2 22 29 39 41
05 01 1966 12 22 27 40 41
12 01 1966 7 12 20 27 36
19 01 1966 5 18 21 25 40
26 01 1966 27 37 42 43 44
02 02 1966 6 20 27 39 47
09 02 1966 2 10 17 20 50
16 02 1966 2 12 23 28 30
23 02 1966 8 10 21 36 42
02 03 1966 12 19 21 40 46
09 03 1966 1 5 13 19 47
16 03 1966 2 4 22 23 46
23 03 1966 18 21 34 35 39
30 03 1966 3 4 15 24 50
06 04 1966 13 28 34 37 50
13 04 1966 6 12 25 45 46
20 04 1966 7 12 14 16 22
27 04 1966 12 13 16 17 40
04 05 1966 11 23 24 32 38
11 05 1966 10 15 18 22 26
18 05 1966 12 31 32 41 46
25 05 1966 16 31 33 36 42
01 06 1966 8 10 19 20 48
08 06 1966 26 30 34 38 45
15 06 1966 1 10 28 40 50
22 06 1966 4 19 22 23 36
29 06 1966 4 34 36 40 49
06 07 1966 7 18 19 28 35
13 07 1966 5 16 18 36 37
20 07 1966 2 12 16 25 39
27 07 1966 16 25 39 41 44
03 08 1966 11 12 18 21 32
10 08 1966 2 6 8 15 30
17 08 1966 1 19 27 33 35
24 08 1966 13 14 24 32 39
31 08 1966 13 16 29 33 43
07 09 1966 3 8 20 23 44
14 09 1966 15 20 34 40 44
21 09 1966 4 13 30 46 47
28 09 1966 1 32 44 47 49
05 10 1966 2 24 27 38 39
12 10 1966 4 14 18 19 27
19 10 1966 12 18 26 30 33
26 10 1966 11 24 28 39 49
02 11 1966 9 14 17 36 38
09 11 1966 17 35 36 39 46
16 11 1966 18 24 25 30 42
23 11 1966 13 36 41 44 50
30 11 1966 2 17 21 30 48
07 12 1966 7 15 28 40 50
14 12 1966 19 25 32 36 50
21 12 1966 7 10 41 44 45
28 12 1966 2 14 33 35 40
04 01 1967 32 33 36 40 47
11 01 1967 6 9 29 46 50
18 01 1967 8 13 36 40 48
25 01 1967 19 24 27 28 40
01 02 1967 17 24 27 36 46
08 02 1967 1 11 12 14 30
15 02 1967 5 27 37 42 46
22 02 1967 34 36 40 42 45
01 03 1967 2 15 43 49 50
08 03 1967 11 22 24 41 49
15 03 1967 6 19 25 35 43
22 03 1967 13 37 45 48 50
29 03 1967 5 9 15 41 49
05 04 1967 28 40 41 44 48
12 04 1967 11 17 39 40 45
19 04 1967 5 12 13 29 35
26 04 1967 22 24 25 29 36
03 05 1967 12 21 25 26 36
10 05 1967 17 26 28 46 50
17 05 1967 18 38 43 45 46
24 05 1967 1 8 34 35 49
31 05 1967 8 13 19 31 47
07 06 1967 15 16 43 45 46
14 06 1967 5 18 21 34 36
21 06 1967 2 3 11 13 29
28 06 1967 6 13 23 39 49
05 07 1967 13 15 27 43 47
12 07 1967 23 27 29 32 49
19 07 1967 28 39 41 45 46
26 07 1967 6 13 30 45 48
02 08 1967 10 15 18 23 44
09 08 1967 5 11 17 47 48
16 08 1967 7 11 20 34 37
23 08 1967 7 11 31 36 44
30 08 1967 3 15 21 23 46
06 09 1967 15 36 37 42 47
13 09 1967 15 16 31 45 49
20 09 1967 17 20 25 27 49
27 09 1967 4 16 28 34 40
04 10 1967 7 14 22 25 44
11 10 1967 9 11 17 22 29
18 10 1967 2 19 38 47 50
25 10 1967 16 17 32 33 43
01 11 1967 6 11 26 39 41
08 11 1967 4 5 16 29 31
15 11 1967 2 12 21 22 27
22 11 1967 9 10 29 32 42
29 11 1967 8 9 15 42 47
06 12 1967 10 40 43 47 50
13 12 1967 3 16 20 35 38
20 12 1967 1 16 20 40 50
27 12 1967 12 21 25 33 38
03 01 1968 6 13 33 43 44
10 01 1968 1 2 4 14 39
17 01 1968 2 3 5 13 45
24 01 1968 7 18 40 48 49
31 01 1968 5 17 20 29 39
07 02 1968 11 16 35 40 44
14 02 1968 4 13 19 28 46
21 02 1968 14 33 36 41 48
28 02 1968 4 7 11 16 45
06 03 1968 6 7 9 27 48
13 03 1968 1 5 14 33 45
20 03 1968 6 11 30 43 46
27 03 1968 6 9 12 41 48
03 04 1968 23 27 28 36 43
10 04 1968 5 15 32 34 40
17 04 1968 34 38 42 43 46
24 04 1968 3 12 20 38 44
01 05 1968 8 16 39 43 49
08 05 1968 4 14 18 23 41
15 05 1968 3 15 25 31 38
22 05 1968 1 23 29 34 45
29 05 1968 11 20 23 34 38
05 06 1968 4 5 27 29 42
12 06 1968 4 37 44 45 48
19 06 1968 29 35 40 43 50
26 06 1968 23 39 46 47 48
03 07 1968 4 6 7 27 33
10 07 1968 11 13 22 27 41
17 07 1968 4 15 37 39 45
24 07 1968 3 7 10 34 38
31 07 1968 7 19 37 43 48
07 08 1968 9 17 20 31 32
14 08 1968 13 14 15 19 42
21 08 1968 11 23 25 36 47
28 08 1968 11 19 28 30 37
04 09 1968 3 30 38 43 46
11 09 1968 7 21 24 37 40
18 09 1968 4 13 19 37 50
25 09 1968 1 10 20 25 31
02 10 1968 1 3 15 16 41
09 10 1968 12 31 32 39 42
16 10 1968 1 3 10 20 26
23 10 1968 7 16 20 25 33
30 10 1968 10 16 28 30 40
06 11 1968 9 28 29 39 50
13 11 1968 1 15 16 18 29
20 11 1968 1 9 19 39 40
27 11 1968 5 16 29 38 49
04 12 1968 7 23 34 45 46
11 12 1968 2 12 30 36 39
18 12 1968 26 29 41 49 50
25 12 1968 8 15 17 38 46
01 01 1969 8 15 18 27 47
08 01 1969 3 22 29 35 46
15 01 1969 3 10 17 23 49
22 01 1969 6 10 36 48 49
29 01 1969 13 16 28 37 50
05 02 1969 16 24 27 31 44
12 02 1969 11 13 29 34 46
19 02 1969 4 19 24 36 38
26 02 1969 8 10 14 36 47
05 03 1969 1 7 20 45 47
12 03 1969 16 20 29 34 44
19 03 1969 2 4 7 11 45
26 03 1969 5 12 14 17 25
02 04 1969 29 30 34 37 50
09 04 1969 17 23 25 29 42
16 04 1969 6 7 13 19 48
23 04 1969 2 8 10 22 39
30 04 1969 4 11 12 18 24
07 05 1969 3 26 30 34 40
14 05 1969 13 14 27 32 50
21 05 1969 1 12 29 39 41
28 05 1969 5 28 30 33 49
04 06 1969 4 21 28 30 45
11 06 1969 22 32 35 42 45
18 06 1969 5 14 30 36 49
25 06 1969 8 13 19 21 38
02 07 1969 4 11 12 21 49
09 07 1969 2 4 8 22 26
16 07 1969 3 8 30 35 50
23 07 1969 7 13 16 24 47
30 07 1969 5 12 13 20 43
06 08 1969 1 13 23 27 42
13 08 1969 33 34 35 40 43
20 08 1969 3 7 10 11 46
27 08 1969 2 9 11 21 39
03 09 1969 5 8 13 15 37
10 09 1969 15 21 25 26 39
17 09 1969 8 15 20 21 45
24 09 1969 4 7 29 40 48
01 10 1969 35 43 46 47 50
08 10 1969 6 19 22 24 37
15 10 1969 4 7 38 41 50
22 10 1969 1 14 26 28 31
29 10 1969 7 14 23 28 36
05 11 1969 13 17 30 31 48
12 11 1969 4 6 22 30 32
19 11 1969 2 7 20 27 35
26 11 1969 4 5 11 39 49
03 12 1969 4 18 25 35 41
10 12 1969 8 11 32 35 41
17 12 1969 12 23 26 44 48
24 12 1969 7 18 23 38 47
31 12 1969 1 3 18 22 24
07 01 1970 25 28 29 39 43
14 01 1970 1 12 15 21 33
21 01 1970 6 11 34 46 47
28 01 1970 6 10 22 33 39
04 02 1970 1 10 13 14 41
11 02 1970 3 15 17 24 27
18 02 1970 2 4 10 27 43
25 02 1970 7 18 27 44 46
04 03 1970 16 23 27 29 40
11 03 1970 5 10 15 22 49
18 03 1970 12 24 25 30 41
25 03 1970 1 18 22 25 39
01 04 1970 2 7 16 46 50
08 04 1970 3 5 7 12 22
15 04 1970 11 20 31 38 39
22 04 1970 14 16 19 30 40
29 04 1970 2 12 21 27 28
06 05 1970 17 24 28 32 42
13 05 1970 2 27 41 43 48
20 05 1970 10 11 12 21 31
27 05 1970 3 13 20 33 50
03 06 1970 5 14 35 44 45
10 06 1970 7 15 24 42 48
17 06 1970 16 20 21 29 43
24 06 1970 3 8 12 13 29
01 07 1970 10 12 22 23 33
08 07 1970 5 11 21 35 42
15 07 1970 2 8 11 30 48
22 07 1970 24 27 37 45 49
29 07 1970 16 18 23 39 45
05 08 1970 8 21 22 33 43
12 08 1970 3 4 5 27 33
19 08 1970 7 11 33 44 49
26 08 1970 6 14 18 20 23
02 09 1970 13 23 44 49 50
09 09 1970 4 11 14 17 49
16 09 1970 1 19 20 41 46
23 09 1970 5 20 22 41 45
30 09 1970 4 17 18 37 47
07 10 1970 12 16 19 21 34
14 10 1970 12 30 32 33 48
21 10 1970 12 29 38 43 48
28 10 1970 4 35 47 49 50
04 11 1970 6 8 23 27 39
11 11 1970 12 32 37 42 48
18 11 1970 6 14 18 23 29
25 11 1970 8 11 30 37 40
02 12 1970 3 17 23 34 43
09 12 1970 7 19 20 22 23
16 12 1970 10 14 20 26 42
23 12 1970 11 22 23 39 48
30 12 1970 4 32 33 40 41
06 01 1971 16 21 30 31 42
13 01 1971 1 2 6 34 36
20 01 1971 23 25 26 33 46
27 01 1971 6 23 39 45 46
03 02 1971 6 13 20 33 44
10 02 1971 5 15 27 36 48
17 02 1971 22 30 31 34 47
24 02 1971 1 3 7 14 15
03 03 1971 9 18 27 40 42
10 03 1971 6 9 36 37 44
17 03 1971 8 12 30 46 49
24 03 1971 22 27 43 44 46
31 03 1971 19 21 24 33 47
07 04 1971 2 4 16 21 24
14 04 1971 2 8 17 26 35
21 04 1971 4 11 14 16 44
28 04 1971 5 7 12 21 34
05 05 1971 16 25 41 47 48
12 05 1971 8 10 16 28 40
19 05 1971 11 12 17 28 48
26 05 1971 12 23 25 36 43
02 06 1971 2 8 35 39 44
09 06 1971 12 15 26 27 36
16 06 1971 2 3 12 42 50
23 06 1971 1 7 17 30 34
30 06 1971 6 13 34 40 47
07 07 1971 3 28 30 34 42
14 07 1971 3 12 14 16 43
21 07 1971 13 14 17 30 38
28 07 1971 11 15 20 25 28
04 08 1971 7 14 21 26 44
11 08 1971 18 22 26 40 47
18 08 1971 5 13 20 27 32
25 08 1971 6 7 11 42 50
01 09 1971 7 8 23 39 50
08 09 1971 15 26 27 29 50
15 09 1971 1 2 9 23 39
22 09 1971 21 29 46 48 50
29 09 1971 8 16 23 27 47
06 10 1971 9 14 23 28 35
13 10 1971 13 19 21 35 44
20 10 1971 15 18 35 46 47
27 10 1971 15 19 20 24 38
03 11 1971 12 16 19 23 41
10 11 1971 8 17 27 29 43
17 11 1971 6 9 33 35 45
24 11 1971 8 15 26 38 45
01 12 1971 11 12 23 25 26
08 12 1971 15 36 42 44 47
15 12 1971 2 5 10 15 40
22 12 1971 2 5 22 45 48
29 12 1971 13 32 37 45 46
05 01 1972 5 14 36 41 43
12 01 1972 2 16 18 25 42
19 01 1972 1 2 8 37 44
26 01 1972 5 6 9 19 49
02 02 1972 7 13 16 24 27
09 02 1972 11 12 21 46 47
16 02 1972 8 11 17 36 39
23 02 1972 1 2 30 34 37
01 03 1972 3 7 38 40 43
08 03 1972 14 19 27 41 50
15 03 1972 3 6 19 40 44
22 03 1972 8 12 17 24 48
29 03 1972 6 15 26 41 45
05 04 1972 3 15 16 27 34
12 04 1972 6 31 39 40 46
19 04 1972 3 9 17 33 45
26 04 1972 1 11 17 49 50
03 05 1972 2 14 35 37 50
10 05 1972 6 7 9 23 29
17 05 1972 5 35 38 39 42
24 05 1972 6 8 11 16 32
31 05 1972 4 16 20 23 33
07 06 1972 14 16 18 20 49
14 06 1972 15 21 29 36 39
21 06 1972 19 30 37 44 47
28 06 1972 2 9 25 31 36
05 07 1972 3 9 33 41 50
12 07 1972 4 18 33 48 50
19 07 1972 15 16 17 32 37
26 07 1972 1 7 10 27 39
02 08 1972 6 22 27 35 44
09 08 1972 5 8 15 18 23
16 08 1972 11 17 21 41 49
23 08 1972 3 16 41 44 47
30 08 1972 2 12 19 34 46
06 09 1972 7 8 24 34 35
13 09 1972 4 8 33 36 42
20 09 1972 5 15 28 31 38
27 09 1972 5 46 47 48 50
04 10 1972 20 24 35 40 44
11 10 1972 9 12 28 44 46
18 10 1972 6 13 20 41 48
25 10 1972 32 38 39 48 49
01 11 1972 4 12 15 36 43
08 11 1972 3 36 41 46 49
15 11 1972 21 24 29 35 49
22 11 1972 1 17 22 39 43
29 11 1972 8 9 22 27 36
06 12 1972 22 24 27 29 40
13 12 1972 7 15 29 35 43
20 12 1972 1 3 7 20 49
27 12 1972 5 25 27 36 39
03 01 1973 10 17 26 28 40
10 01 1973 26 27 36 46 49
17 01 1973 4 15 22 37 49
24 01 1973 7 9 18 26 35
31 01 1973 4 7 10 32 36
07 02 1973 10 11 27 36 48
14 02 1973 1 15 23 29 38
21 02 1973 2 18 43 47 49
28 02 1973 15 28 31 33 44
07 03 1973 8 21 27 49 50
14 03 1973 8 10 13 16 25
21 03 1973 9 12 22 25 46
28 03 1973 2 19 25 47 49
04 04 1973 7 14 25 26 49
11 04 1973 6 7 8 9 23
18 04 1973 3 17 34 35 46
25 04 1973 9 17 40 42 45
02 05 1973 13 15 22 23 45
09 05 1973 11 17 24 46 47
16 05 1973 10 30 35 38 48
23 05 1973 1 9 10 18 43
30 05 1973 5 7 17 34 36
06 06 1973 17 21 24 27 30
13 06 1973 7 31 35 45 49
20 06 1973 4 5 7 41 44
27 06 1973 15 25 30 38 50
04 07 1973 5 34 38 39 44
11 07 1973 8 10 31 40 47
18 07 1973 20 32 35 37 38
25 07 1973 12 16 19 22 31
01 08 1973 8 17 21 28 29
08 08 1973 16 32 33 37 40
15 08 1973 14 21 24 26 30
22 08 1973 2 10 13 19 28
29 08 1973 14 19 32 45 50
05 09 1973 2 10 31 34 39
12 09 1973 1 13 19 20 32
19 09 1973 2 8 34 39 47
26 09 1973 11 14 27 33 34
03 10 1973 12 19 34 38 49
10 10 1973 4 25 27 40 43
17 10 1973 7 9 28 30 37
24 10 1973 1 2 21 40 50
31 10 1973 15 29 31 36 39
07 11 1973 20 29 30 42 48
14 11 1973 9 14 16 25 30
21 11 1973 2 8 11 19 28
28 11 1973 27 34 44 46 50
05 12 1973 1 23 26 28 36
12 12 1973 2 5 13 20 24
19 12 1973 10 16 42 45 48
26 12 1973 7 13 22 24 38
02 01 1974 3 18 21 29 41
09 01 1974 3 19 41 42 47
16 01 1974 17 25 33 44 48
23 01 1974 2 6 9 17 21
30 01 1974 3 19 28 39 40
06 02 1974 2 20 27 41 44
13 02 1974 19 28 31 46 48
20 02 1974 4 12 21 39 50
27 02 1974 1 6 9 35 36
06 03 1974 13 24 29 41 44
13 03 1974 2 6 25 26 36
20 03 1974 3 19 21 26 29
27 03 1974 1 3 16 30 36
03 04 1974 2 7 14 24 50
10 04 1974 10 11 19 42 45
17 04 1974 11 22 31 37 38
24 04 1974 17 21 43 44 50
01 05 1974 1 30 41 45 47
08 05 1974 3 7 8 27 44
15 05 1974 13 17 28 29 41
22 05 1974 2 9 18 24 48
29 05 1974 7 30 39 41 44
05 06 1974 1 9 11 12 39
12 06 1974 1 11 41 43 45
19 06 1974 2 9 20 42 45
26 06 1974 1 16 20 40 49
03 07 1974 9 39 48 49 50
10 07 1974 2 15 19 29 42
17 07 1974 1 3 10 16 27
24 07 1974 6 11 14 24 29
31 07 1974 17 22 38 44 48
07 08 1974 12 25 36 45 46
14 08 1974 2 10 27 43 46
21 08 1974 21 22 26 30 42
28 08 1974 21 23 38 49 50
04 09 1974 13 24 42 44 45
11 09 1974 12 29 34 36 40
18 09 1974 3 8 17 43 47
25 09 1974 10 19 21 48 50
02 10 1974 14 20 24 35 43
09 10 1974 13 29 32 34 35
16 10 1974 2 10 15 24 27
23 10 1974 13 28 32 35 48
30 10 1974 13 40 42 43 44
06 11 1974 1 9 13 37 39
13 11 1974 8 11 24 26 32
20 11 1974 10 25 38 39 44
27 11 1974 3 6 11 16 32
04 12 1974 9 21 24 37 38
11 12 1974 8 15 29 37 46
18 12 1974 6 10 27 37 44
25 12 1974 10 15 19 37 48
01 01 1975 12 13 23 24 35
08 01 1975 17 21 23 24 40
15 01 1975 11 21 32 48 50
22 01 1975 17 29 30 37 44
29 01 1975 5 23 28 29 43
05 02 1975 2 12 17 31 38
12 02 1975 6 7 18 20 46
19 02 1975 10 12 32 38 42
26 02 1975 10 15 23 24 40
05 03 1975 5 11 41 45 46
12 03 1975 3 5 27 33 45
19 03 1975 5 9 23 29 48
26 03 1975 6 12 28 29 50
02 04 1975 1 20 22 37 38
09 04 1975 11 22 24 37 49
16 04 1975 3 11 19 31 42
23 04 1975 5 7 29 35 46
30 04 1975 1 13 15 21 31
07 05 1975 4 21 24 32 50
14 05 1975 7 21 26 38 45
21 05 1975 12 26 30 43 45
28 05 1975 14 17 23 41 47
04 06 1975 1 10 18 42 44
11 06 1975 4 16 26 31 38
18 06 1975 8 10 24 28 37
25 06 1975 22 32 35 45 49
02 07 1975 2 15 27 33 37
09 07 1975 3 7 16 20 33
16 07 1975 6 20 21 27 34
23 07 1975 3 10 16 21 46
30 07 1975 16 21 30 32 46
06 08 1975 4 22 24 30 38
13 08 1975 2 12 31 38 46
20 08 1975 3 20 35 44 49
27 08 1975 4 5 11 26 30
03 09 1975 20 27 29 35 41
10 09 1975 2 13 22 32 38
17 09 1975 5 18 27 37 42
24 09 1975 19 27 31 38 50
01 10 1975 5 21 31 33 50
08 10 1975 5 9 17 34 46
15 10 1975 5 16 24 25 43
22 10 1975 17 25 26 27 38
29 10 1975 3 9 20 28 34
05 11 1975 2 8 36 39 40
12 11 1975 4 10 14 16 22
19 11 1975 16 22 28 30 38
26 11 1975 4 13 43 47 48
03 12 1975 2 8 18 25 47
10 12 1975 12 26 28 32 35
17 12 1975 3 21 22 31 42
24 12 1975 2 9 17 24 45
31 12 1975 14 35 41 48 49
07 01 1976 11 27 28 31 35
14 01 1976 12 23 24 38 44
21 01 1976 1 23 30 42 48
28 01 1976 9 10 17 25 32
04 02 1976 15 20 25 31 40
11 02 1976 8 9 21 23 36
18 02 1976 5 13 21 31 43
25 02 1976 8 17 28 33 46
03 03 1976 4 9 30 31 44
10 03 1976 3 7 21 25 37
17 03 1976 2 28 34 43 46
24 03 1976 2 12 19 24 32
31 03 1976 7 8 11 26 27
07 04 1976 3 4 20 41 43
14 04 1976 2 31 35 41 49
21 04 1976 3 5 13 18 39
28 04 1976 12 13 32 35 46
05 05 1976 5 15 39 47 48
12 05 1976 5 23 31 33 45
19 05 1976 19 26 28 38 47
26 05 1976 4 12 36 39 49
02 06 1976 1 5 23 29 47
09 06 1976 8 25 33 38 39
16 06 1976 11 23 27 48 49
23 06 1976 5 10 11 23 37
30 06 1976 8 14 28 31 44
07 07 1976 19 26 27 28 32
14 07 1976 7 34 44 48 50
21 07 1976 1 5 24 27 28
28 07 1976 23 26 27 39 50
04 08 1976 4 11 43 47 48
11 08 1976 12 13 29 40 49
18 08 1976 17 23 40 46 50
25 08 1976 22 29 31 46 49
01 09 1976 2 5 28 31 50
08 09 1976 3 12 19 29 30
15 09 1976 3 8 17 38 40
22 09 1976 7 22 31 35 49
29 09 1976 13 34 35 40 41
06 10 1976 13 15 21 31 33
13 10 1976 6 14 15 27 41
20 10 1976 33 37 45 46 47
27 10 1976 5 14 16 27 46
03 11 1976 6 13 17 33 47
10 11 1976 7 11 18 42 49
17 11 1976 8 23 29 33 38
24 11 1976 15 22 28 31 47
01 12 1976 1 21 27 29 42
08 12 1976 11 27 38 39 45
15 12 1976 4 12 16 21 37
22 12 1976 3 9 36 39 46
29 12 1976 7 20 23 39 40
05 01 1977 1 11 19 36 47
12 01 1977 7 11 27 29 40
19 01 1977 5 6 19 36 45
26 01 1977 11 13 22 34 46
02 02 1977 4 25 44 45 48
09 02 1977 6 16 26 32 35
16 02 1977 9 22 24 27 34
23 02 1977 3 18 38 46 47
02 03 1977 3 20 23 30 47
09 03 1977 14 30 32 36 41
16 03 1977 25 26 29 30 38
23 03 1977 13 15 18 42 50
30 03 1977 7 20 24 41 44
06 04 1977 3 24 36 42 47
13 04 1977 14 28 33 37 40
20 04 1977 3 15 18 20 34
27 04 1977 14 23 34 46 47
04 05 1977 8 15 22 29 49
11 05 1977 4 27 28 33 44
18 05 1977 1 3 21 24 31
25 05 1977 9 22 28 40 48
01 06 1977 28 31 33 35 38
08 06 1977 2 3 8 13 16
15 06 1977 1 21 23 27 50
22 06 1977 6 15 37 49 50
29 06 1977 4 8 17 32 34
06 07 1977 14 20 44 45 47
13 07 1977 8 23 26 41 42
20 07 1977 2 28 31 40 49
27 07 1977 4 22 24 31 32
03 08 1977 6 17 30 31 39
10 08 1977 11 12 16 44 48
17 08 1977 5 16 20 23 29
24 08 1977 10 16 30 34 42
31 08 1977 17 24 35 40 42
07 09 1977 13 17 27 33 42
14 09 1977 15 16 22 23 32
21 09 1977 16 20 30 34 50
28 09 1977 28 31 42 48 49
05 10 1977 5 22 30 39 43
12 10 1977 12 26 27 30 38
19 10 1977 5 11 29 34 42
26 10 1977 8 17 28 35 39
02 11 1977 9 22 24 42 43
09 11 1977 6 12 15 21 22
16 11 1977 12 15 33 40 43
23 11 1977 1 13 19 23 31
30 11 1977 2 19 27 42 44
07 12 1977 7 13 21 27 36
14 12 1977 17 21 36 42 50
21 12 1977 10 13 17 45 47
28 12 1977 6 20 31 38 43
04 01 1978 2 3 15 22 23
11 01 1978 9 24 37 44 46
18 01 1978 1 3 18 22 30
25 01 1978 11 15 16 19 21
01 02 1978 9 15 21 29 31
08 02 1978 13 25 29 32 36
15 02 1978 1 6 10 29 43
22 02 1978 1 7 20 24 39
01 03 1978 6 11 22 24 40
08 03 1978 2 20 31 38 48
15 03 1978 3 13 16 30 33
22 03 1978 25 26 27 43 47
29 03 1978 5 7 17 33 42
05 04 1978 2 10 20 31 48
12 04 1978 20 22 23 27 30
19 04 1978 13 14 18 35 48
26 04 1978 2 10 14 30 41
03 05 1978 6 10 11 33 35
10 05 1978 4 36 39 45 46
17 05 1978 23 28 33 34 37
24 05 1978 3 4 7 29 35
31 05 1978 16 33 34 35 48
07 06 1978 9 14 21 25 49
14 06 1978 14 27 30 34 38
21 06 1978 5 23 27 40 46
28 06 1978 1 14 28 29 50
05 07 1978 9 11 22 35 41
12 07 1978 9 21 24 26 43
19 07 1978 9 15 22 29 39
26 07 1978 1 14 19 29 40
02 08 1978 1 9 15 32 38
09 08 1978 17 28 37 43 45
16 08 1978 13 20 25 30 41
23 08 1978 13 15 21 35 45
30 08 1978 17 21 29 44 47
06 09 1978 20 25 38 39 46
13 09 1978 2 9 21 38 49
20 09 1978 29 38 44 47 49
27 09 1978 14 19 21 33 40
04 10 1978 5 25 36 37 40
11 10 1978 2 9 19 48 50
18 10 1978 4 8 19 25 50
25 10 1978 13 30 38 39 40
01 11 1978 14 24 35 37 42
08 11 1978 2 12 41 43 47
15 11 1978 1 5 17 20 34
22 11 1978 15 19 21 22 23
29 11 1978 9 20 43 47 50
06 12 1978 8 19 23 29 49
13 12 1978 6 7 27 33 36
20 12 1978 8 34 37 41 50
27 12 1978 3 12 19 23 39
03 01 1979 8 25 34 38 47
10 01 1979 3 26 27 29 43
17 01 1979 8 13 26 36 38
24 01 1979 20 25 32 40 41
31 01 1979 10 20 27 32 40
07 02 1979 8 14 22 33 40
14 02 1979 7 22 29 35 39
21 02 1979 9 11 31 36 46
28 02 1979 11 18 23 31 45
07 03 1979 14 18 26 28 50
14 03 1979 2 10 13 16 47
21 03 1979 1 17 26 28 49
28 03 1979 2 5 6 18 22
04 04 1979 2 10 23 38 41
11 04 1979 5 18 21 35 37
18 04 1979 10 14 25 36 45
25 04 1979 13 17 24 30 39
02 05 1979 7 14 16 42 43
09 05 1979 14 18 21 26 33
16 05 1979 11 14 23 27 45
23 05 1979 4 20 32 34 37
30 05 1979 8 19 21 43 48
06 06 1979 12 33 35 37 42
13 06 1979 14 18 21 27 48
20 06 1979 2 3 34 36 37
27 06 1979 5 9 12 30 48
04 07 1979 3 15 34 36 50
11 07 1979 2 13 30 43 49
18 07 1979 2 16 21 22 40
25 07 1979 22 28 37 47 48
01 08 1979 22 34 36 37 49
08 08 1979 17 19 32 45 49
15 08 1979 17 31 33 35 37
22 08 1979 4 9 16 24 39
29 08 1979 5 6 27 29 47
05 09 1979 34 35 38 44 50
12 09 1979 7 9 19 30 44
19 09 1979 13 22 23 24 30
26 09 1979 6 10 22 32 46
03 10 1979 5 20 28 32 43
10 10 1979 25 29 31 32 48
17 10 1979 1 16 18 23 28
24 10 1979 7 16 20 26 45
31 10 1979 7 18 20 41 50
07 11 1979 1 12 17 28 50
14 11 1979 18 22 29 46 49
21 11 1979 27 28 46 49 50
28 11 1979 9 15 18 22 44
05 12 1979 18 28 45 46 49
12 12 1979 3 17 20 32 49
19 12 1979 11 21 35 38 43
26 12 1979 11 14 40 41 42
02 01 1980 9 11 15 19 39
09 01 1980 5 15 24 28 38
16 01 1980 9 15 16 20 42
23 01 1980 5 24 31 34 50
30 01 1980 1 12 29 39 50
06 02 1980 22 26 34 41 42
13 02 1980 1 5 11 12 19
20 02 1980 7 8 15 21 41
27 02 1980 14 22 24 36 39
05 03 1980 4 9 15 25 26
12 03 1980 14 15 25 33 42
19 03 1980 10 27 32 34 48
26 03 1980 12 16 18 36 45
02 04 1980 2 17 36 40 43
09 04 1980 3 7 27 39 47
16 04 1980 7 13 14 30 31
23 04 1980 5 14 23 29 47
30 04 1980 3 14 25 36 47
07 05 1980 2 26 27 30 37
14 05 1980 14 15 30 35 45
21 05 1980 3 4 15 39 48
28 05 1980 1 10 15 37 45
04 06 1980 8 17 32 43 48
11 06 1980 2 15 18 30 32
18 06 1980 7 9 19 37 42
25 06 1980 16 23 37 38 50
02 07 1980 11 20 28 35 41
09 07 1980 20 21 24 27 35
16 07 1980 28 29 33 39 41
23 07 1980 1 22 29 41 46
30 07 1980 9 11 18 37 46
06 08 1980 5 13 25 47 49
13 08 1980 4 10 32 37 42
20 08 1980 10 18 32 40 42
27 08 1980 6 20 34 41 46
03 09 1980 1 21 26 41 48
10 09 1980 9 10 26 34 48
17 09 1980 7 25 32 33 45
24 09 1980 8 30 40 43 44
01 10 1980 17 32 34 41 48
08 10 1980 11 18 19 47 50
15 10 1980 3 4 22 25 43
22 10 1980 2 3 7 30 37
29 10 1980 5 13 19 39 47
05 11 1980 14 21 37 43 45
12 11 1980 9 20 21 35 39
19 11 1980 14 18 20 38 39
26 11 1980 19 22 27 33 37
03 12 1980 23 25 28 30 34
10 12 1980 5 15 28 33 41
17 12 1980 17 29 40 49 50
24 12 1980 6 8 28 36 37
31 12 1980 8 10 25 39 45
07 01 1981 10 14 31 32 46
14 01 1981 4 5 18 41 46
21 01 1981 2 3 32 34 35
28 01 1981 4 25 35 40 49
04 02 1981 19 39 42 43 45
11 02 1981 1 32 34 45 50
18 02 1981 11 13 30 33 43
25 02 1981 1 2 5 15 18
04 03 1981 6 19 23 37 39
11 03 1981 12 22 23 35 49
18 03 1981 3 6 16 34 46
25 03 1981 18 32 41 45 47
01 04 1981 1 8 13 24 49
08 04 1981 1 6 11 30 46
15 04 1981 3 14 16 20 46
22 04 1981 12 19 36 39 47
29 04 1981 1 4 18 21 27
06 05 1981 13 16 32 45 47
13 05 1981 22 30 36 38 42
20 05 1981 23 31 39 42 46
27 05 1981 9 11 20 34 43
03 06 1981 2 12 20 21 30
10 06 1981 2 15 20 25 44
17 06 1981 6 22 26 35 37
24 06 1981 5 9 18 34 47
01 07 1981 11 29 35 37 38
08 07 1981 4 24 32 37 39
15 07 1981 3 10 17 37 50
22 07 1981 5 10 17 18 31
29 07 1981 4 17 26 32 39
05 08 1981 5 9 12 15 22
12 08 1981 2 8 18 34 46
19 08 1981 2 21 22 27 32
26 08 1981 10 21 22 24 41
02 09 1981 1 7 8 26 42
09 09 1981 2 17 18 39 42
16 09 1981 2 6 23 44 46
23 09 1981 11 15 18 20 30
30 09 1981 3 20 23 39 47
07 10 1981 30 33 43 44 50
14 10 1981 3 11 16 19 41
21 10 1981 12 25 31 32 50
28 10 1981 1 3 5 26 44
04 11 1981 15 17 27 32 44
11 11 1981 2 17 18 30 42
18 11 1981 10 32 33 37 44
25 11 1981 1 6 18 34 36
02 12 1981 11 29 33 47 49
09 12 1981 9 18 20 35 44
16 12 1981 3 10 30 39 44
23 12 1981 3 8 12 34 35
30 12 1981 1 12 17 19 42
06 01 1982 14 35 38 44 47
13 01 1982 6 28 31 35 40
20 01 1982 5 23 26 34 44
27 01 1982 9 24 30 46 48
03 02 1982 14 16 31 33 49
10 02 1982 3 5 8 10 35
17 02 1982 5 6 13 18 22
24 02 1982 19 20 26 37 42
03 03 1982 1 7 27 38 43
10 03 1982 4 15 31 34 50
17 03 1982 14 28 30 31 34
24 03 1982 20 38 41 48 50
31 03 1982 5 6 19 27 43
07 04 1982 19 20 32 38 39
14 04 1982 10 20 23 29 32
21 04 1982 5 11 19 33 49
28 04 1982 14 24 26 41 50
05 05 1982 11 13 14 15 48
12 05 1982 4 11 21 24 34
19 05 1982 13 21 31 32 45
26 05 1982 4 6 15 16 35
02 06 1982 17 19 22 26 42
09 06 1982 4 6 18 41 44
16 06 1982 3 4 6 8 21
23 06 1982 5 16 31 41 48
30 06 1982 19 38 39 44 45
07 07 1982 6 24 27 28 39
14 07 1982 14 16 18 33 46
21 07 1982 7 11 12 16 24
28 07 1982 1 14 29 38 42
04 08 1982 5 7 23 43 47
11 08 1982 5 25 35 40 49
18 08 1982 7 28 40 45 50
25 08 1982 4 5 19 24 41
01 09 1982 3 11 19 25 38
08 09 1982 1 6 36 41 44
15 09 1982 8 23 29 36 49
22 09 1982 14 19 27 33 38
29 09 1982 4 11 16 39 46
06 10 1982 9 26 29 33 34
13 10 1982 1 20 27 29 32
20 10 1982 6 25 38 40 49
27 10 1982 3 5 12 14 18
03 11 1982 5 18 25 37 42
10 11 1982 2 4 14 34 46
17 11 1982 5 15 17 31 32
24 11 1982 6 20 36 41 43
01 12 1982 21 32 34 42 46
08 12 1982 9 15 19 34 46
15 12 1982 6 10 27 35 45
22 12 1982 3 14 25 30 50
29 12 1982 3 5 20 35 37
05 01 1983 10 22 27 40 46
12 01 1983 3 6 11 22 31
19 01 1983 11 19 20 26 41
26 01 1983 13 29 32 38 46
02 02 1983 7 11 14 17 20
09 02 1983 5 24 37 40 41
16 02 1983 2 7 23 46 49
23 02 1983 3 7 12 26 30
02 03 1983 3 13 22 24 34
09 03 1983 15 21 27 33 50
16 03 1983 30 31 45 46 47
23 03 1983 2 8 11 23 38
30 03 1983 4 6 12 25 37
06 04 1983 9 10 12 14 25
13 04 1983 5 28 30 32 33
20 04 1983 9 14 29 32 49
27 04 1983 17 26 28 30 41
04 05 1983 16 29 35 40 42
11 05 1983 1 16 22 28 39
18 05 1983 4 13 26 32 35
25 05 1983 13 20 26 34 47
01 06 1983 7 24 26 36 46
08 06 1983 4 26 29 38 49
15 06 1983 11 24 32 37 44
22 06 1983 1 2 3 25 42
29 06 1983 6 16 20 30 47
06 07 1983 13 17 30 37 44
13 07 1983 7 12 20 21 35
20 07 1983 9 12 30 33 37
27 07 1983 18 20 21 22 46
03 08 1983 5 16 23 26 46
10 08 1983 4 9 15 23 44
17 08 1983 4 11 21 40 41
24 08 1983 2 17 23 38 42
31 08 1983 4 10 13 33 35
07 09 1983 3 5 24 26 32
14 09 1983 4 5 10 19 22
21 09 1983 24 32 36 41 47
28 09 1983 13 21 31 39 43
05 10 1983 4 6 7 32 47
12 10 1983 2 22 33 37 38
19 10 1983 14 15 20 41 42
26 10 1983 21 23 32 34 42
02 11 1983 6 8 9 16 28
09 11 1983 6 20 29 38 44
16 11 1983 7 11 20 28 34
23 11 1983 7 9 15 25 47
30 11 1983 2 6 27 37 40
07 12 1983 17 26 33 35 49
14 12 1983 6 44 46 48 49
21 12 1983 5 26 34 36 45
28 12 1983 3 13 30 39 46
04 01 1984 1 11 36 44 45
11 01 1984 16 28 41 49 50
18 01 1984 12 28 30 35 36
25 01 1984 11 17 26 30 38
01 02 1984 10 19 23 43 47
08 02 1984 14 23 35 37 45
15 02 1984 15 30 38 41 47
22 02 1984 6 20 23 45 46
29 02 1984 7 11 12 31 47
07 03 1984 21 28 38 39 42
14 03 1984 19 20 28 32 50
21 03 1984 13 28 30 38 44
28 03 1984 10 18 24 28 44
04 04 1984 17 19 35 37 40
11 04 1984 2 13 38 47 48
18 04 1984 6 7 15 18 25
25 04 1984 4 15 17 36 40
02 05 1984 9 30 31 35 47
09 05 1984 14 26 31 36 39
16 05 1984 2 14 19 33 41
23 05 1984 2 5 36 41 50
30 05 1984 8 21 28 29 43
06 06 1984 9 18 34 37 44
13 06 1984 19 22 23 34 36
20 06 1984 17 24 29 35 44
27 06 1984 21 25 33 35 37
04 07 1984 6 8 15 41 42
11 07 1984 14 15 35 42 43
18 07 1984 11 34 38 45 48
25 07 1984 13 17 19 40 49
01 08 1984 12 19 26 41 46
08 08 1984 5 25 26 42 49
15 08 1984 12 14 19 33 40
22 08 1984 4 6 19 26 42
29 08 1984 1 25 30 36 37
05 09 1984 7 28 37 46 49
12 09 1984 2 7 24 32 49
19 09 1984 9 16 23 34 43
26 09 1984 11 18 22 25 35
03 10 1984 8 13 35 42 50
10 10 1984 2 16 18 22 47
17 10 1984 10 21 26 35 46
24 10 1984 8 16 20 28 34
31 10 1984 1 11 24 28 43
07 11 1984 1 6 8 30 37
14 11 1984 15 31 37 48 50
21 11 1984 5 8 18 24 47
28 11 1984 7 27 37 39 45
05 12 1984 1 3 22 24 26
12 12 1984 3 15 16 23 26
19 12 1984 2 33 35 37 44
26 12 1984 23 30 32 34 48
02 01 1985 5 17 25 37 45
09 01 1985 1 4 24 31 33
16 01 1985 8 12 25 27 31
23 01 1985 7 15 22 26 41
30 01 1985 2 4 19 28 41
06 02 1985 2 34 35 36 37
13 02 1985 2 16 20 21 46
20 02 1985 21 29 32 46 47
27 02 1985 5 9 25 38 50
06 03 1985 1 13 15 27 48
13 03 1985 3 4 33 35 41
20 03 1985 19 21 26 36 37
27 03 1985 9 27 29 36 40
03 04 1985 5 16 27 29 38
10 04 1985 1 2 3 8 46
17 04 1985 11 20 28 29 46
24 04 1985 9 25 31 33 45
01 05 1985 1 2 15 23 45
08 05 1985 5 7 31 40 48
15 05 1985 7 9 13 28 42
22 05 1985 1 7 11 15 46
29 05 1985 6 16 36 44 45
05 06 1985 6 12 21 24 50
12 06 1985 17 25 31 33 34
19 06 1985 15 22 24 28 37
26 06 1985 1 7 16 36 38
03 07 1985 11 15 29 33 34
10 07 1985 18 30 34 35 36
17 07 1985 2 17 18 24 42
24 07 1985 2 8 24 26 48
31 07 1985 2 14 35 47 49
07 08 1985 2 8 22 25 35
14 08 1985 7 8 18 30 35
21 08 1985 7 8 15 20 27
28 08 1985 8 9 23 26 31
04 09 1985 2 16 26 27 40
11 09 1985 3 4 12 25 46
18 09 1985 13 18 28 31 38
25 09 1985 11 24 27 47 48
02 10 1985 23 30 31 38 42
09 10 1985 11 17 32 41 49
16 10 1985 23 38 39 40 44
23 10 1985 2 5 29 44 47
30 10 1985 9 10 18 39 49
06 11 1985 4 37 44 47 49
13 11 1985 1 8 15 19 35
20 11 1985 7 23 35 40 44
27 11 1985 2 5 12 14 23
04 12 1985 5 6 8 9 39
11 12 1985 3 17 21 38 47
18 12 1985 11 14 15 17 26
25 12 1985 3 32 34 40 48
01 01 1986 6 11 27 38 47
08 01 1986 10 11 35 44 49
15 01 1986 4 8 15 18 43
22 01 1986 28 32 40 41 46
29 01 1986 3 9 21 42 45
05 02 1986 1 2 25 27 44
12 02 1986 4 14 43 47 49
19 02 1986 6 19 39 42 49
26 02 1986 4 8 22 34 35
05 03 1986 1 3 4 25 43
12 03 1986 2 3 9 19 47
19 03 1986 28 33 44 45 48
26 03 1986 1 8 16 28 44
02 04 1986 6 7 13 21 41
09 04 1986 4 9 17 35 37
16 04 1986 22 30 37 47 50
23 04 1986 12 19 31 34 50
30 04 1986 8 12 17 23 28
07 05 1986 4 25 26 30 39
14 05 1986 3 11 29 45 46
21 05 1986 6 12 17 19 42
28 05 1986 4 5 16 22 36
04 06 1986 4 6 33 38 49
11 06 1986 17 25 33 42 44
18 06 1986 14 17 30 36 49
25 06 1986 4 17 24 48 50
02 07 1986 12 18 21 30 46
09 07 1986 1 13 28 31 33
16 07 1986 18 28 36 39 49
23 07 1986 7 14 31 36 45
30 07 1986 2 8 29 33 46
06 08 1986 17 30 31 33 34
13 08 1986 7 9 14 37 50
20 08 1986 13 17 24 36 45
27 08 1986 4 13 22 24 35
03 09 1986 7 10 22 28 37
10 09 1986 16 34 38 42 45
17 09 1986 11 30 31 46 48
24 09 1986 9 17 20 26 31
01 10 1986 11 29 39 43 45
08 10 1986 18 23 33 37 41
15 10 1986 6 21 30 42 43
22 10 1986 20 25 32 36 42
29 10 1986 17 21 40 45 47
05 11 1986 3 15 21 40 50
12 11 1986 3 15 31 35 45
19 11 1986 9 13 27 34 46
26 11 1986 11 20 28 40 49
03 12 1986 9 28 29 37 49
10 12 1986 5 13 15 20 46
17 12 1986 17 28 42 44 46
24 12 1986 18 19 24 35 40
31 12 1986 2 16 18 32 46
07 01 1987 19 27 36 44 48
14 01 1987 6 22 24 35 46
21 01 1987 1 11 13 34 39
28 01 1987 3 6 18 25 28
04 02 1987 7 17 21 32 47
11 02 1987 13 18 22 24 34
18 02 1987 10 15 16 19 42
25 02 1987 2 7 12 14 38
04 03 1987 14 24 32 49 50
11 03 1987 23 26 30 36 42
18 03 1987 8 14 29 42 48
25 03 1987 11 12 38 44 45
01 04 1987 15 25 32 35 46
08 04 1987 4 15 17 26 34
15 04 1987 24 25 41 48 49
22 04 1987 5 9 12 20 24
29 04 1987 11 17 24 30 40
06 05 1987 19 31 35 37 47
13 05 1987 6 16 19 20 28
20 05 1987 10 11 21 35 47
27 05 1987 2 7 27 28 46
03 06 1987 1 13 31 32 39
10 06 1987 7 10 41 43 50
17 06 1987 13 25 27 31 47
24 06 1987 12 18 21 39 49
01 07 1987 11 18 22 32 35
08 07 1987 3 7 30 45 48
15 07 1987 5 8 10 36 46
22 07 1987 2 39 40 45 47
29 07 1987 14 15 34 37 46
05 08 1987 4 11 16 24 34
12 08 1987 5 18 23 41 47
19 08 1987 1 16 19 47 48
26 08 1987 2 5 7 28 43
02 09 1987 1 17 20 37 41
09 09 1987 3 6 25 38 49
16 09 1987 9 16 18 24 42
23 09 1987 5 9 19 22 48
30 09 1987 8 24 25 30 40
07 10 1987 3 5 13 33 35
14 10 1987 19 23 26 33 43
21 10 1987 9 25 32 33 50
28 10 1987 11 19 40 43 47
04 11 1987 4 14 21 28 44
11 11 1987 11 23 36 47 48
18 11 1987 4 5 40 48 49
25 11 1987 15 16 21 47 48
02 12 1987 7 14 22 24 48
09 12 1987 24 35 43 45 49
16 12 1987 3 17 22 44 48
23 12 1987 6 7 12 15 34
30 12 1987 9 10 11 31 40
06 01 1988 8 25 29 32 47
13 01 1988 3 7 43 45 49
20 01 1988 5 16 19 35 41
27 01 1988 1 5 17 18 34
03 02 1988 13 18 21 30 35
10 02 1988 5 7 28 37 46
17 02 1988 12 19 34 37 38
24 02 1988 12 18 21 22 28
02 03 1988 6 11 25 26 36
09 03 1988 16 18 23 44 46
16 03 1988 2 30 38 49 50
23 03 1988 5 18 29 30 44
30 03 1988 13 15 29 43 45
06 04 1988 9 14 22 35 40
13 04 1988 10 22 33 47 49
20 04 1988 5 9 26 29 44
27 04 1988 8 9 11 13 16
04 05 1988 6 11 16 39 43
11 05 1988 1 7 12 26 36
18 05 1988 10 15 27 31 36
25 05 1988 20 29 36 37 38
01 06 1988 14 15 32 35 42
08 06 1988 4 15 22 31 32
15 06 1988 22 30 32 34 42
22 06 1988 15 18 29 42 43
29 06 1988 9 29 39 46 48
06 07 1988 13 14 25 29 33
13 07 1988 8 11 14 26 41
20 07 1988 9 17 25 45 50
27 07 1988 6 28 35 46 48
03 08 1988 5 12 17 20 45
10 08 1988 5 27 30 31 33
17 08 1988 11 12 20 25 43
24 08 1988 1 10 23 24 32
31 08 1988 9 10 19 20 45
07 09 1988 24 25 35 38 46
14 09 1988 1 25 43 45 47
21 09 1988 3 26 34 39 44
28 09 1988 7 14 16 26 38
05 10 1988 2 19 24 40 50
12 10 1988 10 13 18 36 42
19 10 1988 1 12 18 21 35
26 10 1988 32 33 38 39 43
02 11 1988 14 15 19 20 34
09 11 1988 5 13 16 31 36
16 11 1988 13 14 21 31 46
23 11 1988 13 16 24 27 37
30 11 1988 14 17 37 48 50
07 12 1988 3 6 9 23 34
14 12 1988 5 11 20 41 47
21 12 1988 10 11 24 28 46
28 12 1988 19 23 26 31 38
04 01 1989 17 30 38 40 42
11 01 1989 4 14 18 30 39
18 01 1989 6 39 41 43 48
25 01 1989 37 40 44 49 50
01 02 1989 15 29 39 40 47
08 02 1989 6 19 27 30 47
15 02 1989 18 34 37 41 46
22 02 1989 20 27 31 40 49
01 03 1989 20 29 30 32 36
08 03 1989 7 9 20 22 27
15 03 1989 17 19 27 35 36
22 03 1989 1 5 22 23 43
29 03 1989 2 20 26 40 42
05 04 1989 2 3 5 13 35
12 04 1989 6 13 22 33 35
19 04 1989 14 21 23 32 48
26 04 1989 7 8 18 34 50
03 05 1989 24 30 39 41 42
10 05 1989 13 14 35 41 42
17 05 1989 20 24 45 47 49
24 05 1989 3 10 16 29 33
31 05 1989 2 23 27 31 46
07 06 1989 3 12 29 30 46
14 06 1989 6 16 28 37 41
21 06 1989 22 29 33 42 49
28 06 1989 11 16 29 31 35
05 07 1989 12 13 45 46 49
12 07 1989 9 22 35 44 50
19 07 1989 4 9 11 13 48
26 07 1989 1 17 19 26 47
02 08 1989 8 17 18 26 47
09 08 1989 14 19 28 34 38
16 08 1989 9 22 30 32 40
23 08 1989 1 14 17 26 29
30 08 1989 1 4 23 24 41
06 09 1989 23 24 38 41 49
13 09 1989 7 19 22 33 40
20 09 1989 23 25 32 41 42
27 09 1989 2 14 30 31 42
04 10 1989 17 31 32 36 43
11 10 1989 5 9 32 34 42
18 10 1989 18 21 28 34 46
25 10 1989 17 21 33 39 48
01 11 1989 3 7 40 44 47
08 11 1989 9 14 23 27 34
15 11 1989 27 30 45 46 47
22 11 1989 6 11 16 20 36
29 11 1989 14 17 18 40 49
06 12 1989 7 19 30 41 42
13 12 1989 19 24 33 35 47
20 12 1989 9 12 21 22 34
27 12 1989 9 18 30 32 37
03 01 1990 19 21 25 38 41
10 01 1990 1 9 28 37 41
17 01 1990 11 17 32 39 48
24 01 1990 5 7 8 25 32
31 01 1990 7 11 15 19 26
07 02 1990 2 11 35 41 42
14 02 1990 1 3 24 26 36
21 02 1990 10 12 18 20 41
28 02 1990 6 17 26 42 44
07 03 1990 4 5 30 37 50
14 03 1990 9 10 32 39 43
21 03 1990 1 11 13 34 42
28 03 1990 1 10 37 46 47
04 04 1990 10 19 23 33 41
11 04 1990 12 18 26 29 34
18 04 1990 11 15 17 18 31
25 04 1990 4 12 21 42 48
02 05 1990 11 12 25 31 33
09 05 1990 20 22 32 41 45
16 05 1990 6 14 23 34 37
23 05 1990 13 17 30 47 50
30 05 1990 13 16 30 46 49
06 06 1990 11 18 33 37 41
13 06 1990 17 24 31 39 48
20 06 1990 5 23 33 35 43
27 06 1990 1 6 7 28 38
04 07 1990 11 26 36 47 49
11 07 1990 20 23 29 36 48
18 07 1990 6 8 19 33 50
25 07 1990 5 17 30 42 49
01 08 1990 13 19 23 34 41
08 08 1990 23 25 33 38 42
15 08 1990 5 15 20 35 40
22 08 1990 3 9 13 20 37
29 08 1990 15 22 35 36 38
05 09 1990 11 15 26 36 44
12 09 1990 8 22 31 34 48
19 09 1990 20 29 39 40 46
26 09 1990 7 9 15 34 45
03 10 1990 5 9 19 41 43
10 10 1990 12 26 40 43 49
17 10 1990 20 27 30 42 44
24 10 1990 13 14 20 24 42
31 10 1990 11 19 30 37 42
07 11 1990 2 7 22 33 36
14 11 1990 8 10 14 24 49
21 11 1990 10 18 25 37 50
28 11 1990 3 9 18 19 31
05 12 1990 2 6 19 24 31
12 12 1990 12 13 15 32 34
19 12 1990 1 3 9 16 22
26 12 1990 9 11 19 27 36
02 01 1991 2 15 18 26 29
09 01 1991 13 19 30 31 35
16 01 1991 3 15 18 29 38
23 01 1991 2 6 12 28 50
30 01 1991 9 16 22 24 46
06 02 1991 19 21 22 41 47
13 02 1991 1 14 15 19 48
20 02 1991 15 20 32 48 50
27 02 1991 13 19 24 39 42
06 03 1991 3 13 21 42 48
13 03 1991 2 20 31 39 49
20 03 1991 2 16 17 19 32
27 03 1991 4 19 31 34 45
03 04 1991 20 21 29 32 50
10 04 1991 11 12 18 42 43
17 04 1991 5 6 19 21 23
24 04 1991 8 13 25 40 44
01 05 1991 24 26 43 45 48
08 05 1991 3 7 9 16 40
15 05 1991 18 23 33 38 43
22 05 1991 6 27 29 42 45
29 05 1991 16 17 37 40 46
05 06 1991 1 3 26 28 46
12 06 1991 7 20 34 42 48
19 06 1991 6 7 8 15 39
26 06 1991 13 23 26 29 43
03 07 1991 15 19 28 35 44
10 07 1991 19 31 32 33 43
17 07 1991 10 31 33 36 45
24 07 1991 22 28 29 32 36
31 07 1991 2 8 13 19 34
07 08 1991 8 37 38 43 44
14 08 1991 3 8 10 22 39
21 08 1991 5 14 20 31 38
28 08 1991 2 14 19 23 50
04 09 1991 6 32 33 45 46
11 09 1991 8 18 23 35 38
18 09 1991 33 39 40 44 50
25 09 1991 17 32 42 45 46
02 10 1991 3 14 23 27 34
09 10 1991 6 16 19 28 48
16 10 1991 12 13 17 37 46
23 10 1991 21 25 30 34 44
30 10 1991 5 7 34 44 46
06 11 1991 29 31 40 47 50
13 11 1991 19 22 23 25 44
20 11 1991 2 3 13 33 34
27 11 1991 4 18 29 43 47
04 12 1991 14 24 36 49 50
11 12 1991 5 32 36 40 47
18 12 1991 5 8 12 25 35
25 12 1991 3 26 31 49 50
01 01 1992 4 8 11 19 35
08 01 1992 25 30 31 33 49
15 01 1992 15 30 34 49 50
22 01 1992 3 9 11 29 42
29 01 1992 4 5 22 32 46
05 02 1992 12 13 26 28 30
12 02 1992 1 33 37 47 49
19 02 1992 2 6 13 28 29
26 02 1992 2 4 15 16 46
04 03 1992 6 8 28 36 40
11 03 1992 12 15 43 45 46
18 03 1992 8 16 22 25 37
25 03 1992 1 14 20 49 50
01 04 1992 2 4 6 17 44
08 04 1992 3 9 12 30 33
15 04 1992 19 20 28 35 43
22 04 1992 18 20 29 33 46
29 04 1992 10 34 38 44 49
06 05 1992 1 7 23 29 49
13 05 1992 4 16 23 29 34
20 05 1992 5 6 22 25 44
27 05 1992 7 10 26 28 48
03 06 1992 8 12 16 42 49
10 06 1992 10 29 38 40 41
17 06 1992 7 18 19 40 47
24 06 1992 16 24 29 31 45
01 07 1992 6 14 19 21 31
08 07 1992 6 8 17 43 48
15 07 1992 12 17 26 46 47
22 07 1992 8 15 23 25 42
29 07 1992 29 33 34 38 47
05 08 1992 11 21 32 40 49
12 08 1992 19 28 37 39 41
19 08 1992 26 35 36 40 44
26 08 1992 22 34 36 38 47
02 09 1992 12 19 26 43 45
09 09 1992 8 30 35 39 45
16 09 1992 1 7 11 13 39
23 09 1992 9 20 26 31 34
30 09 1992 7 10 30 34 49
07 10 1992 1 6 36 40 47
14 10 1992 18 25 28 34 36
21 10 1992 9 12 21 24 48
28 10 1992 4 15 25 33 37
04 11 1992 9 12 13 24 34
11 11 1992 8 23 32 40 41
18 11 1992 7 16 18 25 31
25 11 1992 6 16 31 42 43
02 12 1992 1 3 16 23 40
09 12 1992 5 9 18 32 45
16 12 1992 1 5 9 14 31
23 12 1992 3 4 25 43 45
30 12 1992 13 18 21 25 44
06 01 1993 3 12 19 35 41
13 01 1993 10 17 21 25 36
20 01 1993 6 15 24 29 32
27 01 1993 13 16 27 28 34
03 02 1993 1 21 26 30 36
10 02 1993 3 6 11 43 44
17 02 1993 9 16 22 29 40
24 02 1993 11 14 26 38 39
03 03 1993 14 21 23 35 40
10 03 1993 6 12 15 32 47
17 03 1993 19 20 34 35 44
24 03 1993 17 23 27 28 40
31 03 1993 3 13 18 38 46
07 04 1993 7 11 13 22 36
14 04 1993 1 17 25 42 49
21 04 1993 5 15 29 38 40
28 04 1993 6 16 22 35 37
05 05 1993 14 28 41 45 50
12 05 1993 3 4 6 20 40
19 05 1993 20 26 38 47 50
26 05 1993 13 14 22 38 41
02 06 1993 3 8 10 19 33
09 06 1993 2 31 35 45 48
16 06 1993 3 23 29 31 50
23 06 1993 14 16 24 26 33
30 06 1993 3 4 26 48 50
07 07 1993 8 15 16 30 38
14 07 1993 2 6 18 19 48
21 07 1993 14 15 35 38 49
28 07 1993 18 20 35 41 45
04 08 1993 1 12 18 33 39
11 08 1993 2 6 11 31 48
18 08 1993 6 20 46 48 49
25 08 1993 6 14 17 25 49
01 09 1993 2 6 16 40 43
08 09 1993 5 13 21 36 50
15 09 1993 4 22 24 26 38
22 09 1993 3 7 10 30 50
29 09 1993 9 10 12 17 26
06 10 1993 25 26 31 32 41
13 10 1993 8 10 26 38 39
20 10 1993 9 23 38 44 47
27 10 1993 12 14 15 18 41
03 11 1993 11 22 23 24 33
10 11 1993 1 27 32 42 48
17 11 1993 2 8 16 35 40
24 11 1993 9 12 16 21 25
01 12 1993 8 23 44 48 49
08 12 1993 8 23 41 45 50
15 12 1993 4 16 19 21 43
22 12 1993 17 21 24 45 47
29 12 1993 10 14 21 34 48
05 01 1994 12 32 36 42 45
12 01 1994 1 35 38 41 43
19 01 1994 23 31 39 47 48
26 01 1994 1 9 15 20 31
02 02 1994 21 25 26 45 49
09 02 1994 6 7 34 42 46
16 02 1994 20 26 31 40 42
23 02 1994 2 5 15 23 41
02 03 1994 12 22 23 48 49
09 03 1994 12 17 22 44 48
16 03 1994 13 24 41 44 49
23 03 1994 2 30 38 46 48
30 03 1994 3 7 26 43 46
06 04 1994 1 23 41 42 47
13 04 1994 14 19 22 25 46
20 04 1994 11 26 32 43 48
27 04 1994 1 9 15 16 21
04 05 1994 12 17 19 40 46
11 05 1994 11 12 15 23 35
18 05 1994 3 7 12 16 32
25 05 1994 4 21 42 43 50
01 06 1994 2 12 13 15 31
08 06 1994 1 10 29 35 43
15 06 1994 9 19 30 46 49
22 06 1994 14 18 20 32 34
29 06 1994 2 3 36 45 49
06 07 1994 3 21 25 39 47
13 07 1994 3 5 6 14 30
20 07 1994 1 6 9 17 37
27 07 1994 9 12 30 37 50
03 08 1994 10 13 45 47 50
10 08 1994 1 3 13 17 18
17 08 1994 32 39 41 42 48
24 08 1994 6 12 20 22 30
31 08 1994 16 22 23 32 39
07 09 1994 2 11 26 31 46
14 09 1994 3 5 9 25 29
21 09 1994 13 19 20 30 35
28 09 1994 11 16 18 27 42
05 10 1994 7 19 29 39 48
12 10 1994 13 31 32 42 50
19 10 1994 4 8 12 13 38
26 10 1994 12 14 17 34 41
02 11 1994 3 18 22 38 41
09 11 1994 1 12 15 32 34
16 11 1994 1 10 22 28 42
23 11 1994 1 27 30 33 34
30 11 1994 7 31 42 44 47
07 12 1994 6 12 20 34 42
14 12 1994 4 5 23 46 50
21 12 1994 8 18 22 48 49
28 12 1994 10 20 31 42 44
04 01 1995 3 6 22 27 39
11 01 1995 3 9 12 32 35
18 01 1995 6 30 31 39 42
25 01 1995 10 17 35 43 46
01 02 1995 13 15 33 38 42
08 02 1995 6 20 26 30 35
15 02 1995 2 4 9 14 20
22 02 1995 15 16 24 25 45
01 03 1995 5 11 19 20 42
08 03 1995 1 8 11 13 50
15 03 1995 7 17 25 40 41
22 03 1995 3 7 24 26 31
29 03 1995 9 17 29 32 44
05 04 1995 11 13 36 38 46
12 04 1995 8 18 28 32 41
19 04 1995 22 32 35 36 50
26 04 1995 3 8 9 28 48
03 05 1995 3 8 21 36 42
10 05 1995 3 16 22 34 47
17 05 1995 7 35 45 46 49
24 05 1995 14 18 35 42 45
31 05 1995 16 31 47 49 50
07 06 1995 4 5 8 45 50
14 06 1995 7 24 29 38 45
21 06 1995 7 10 12 22 27
28 06 1995 2 12 29 35 37
05 07 1995 13 25 28 29 30
12 07 1995 7 24 30 42 43
19 07 1995 2 19 32 41 48
26 07 1995 18 22 24 27 35
02 08 1995 3 5 31 33 47
09 08 1995 4 10 16 44 47
16 08 1995 9 15 20 39 40
23 08 1995 7 14 20 22 40
30 08 1995 3 5 13 43 45
06 09 1995 2 5 6 29 32
13 09 1995 3 7 19 35 39
20 09 1995 11 30 31 36 40
27 09 1995 2 23 30 40 47
04 10 1995 20 29 39 45 50
11 10 1995 1 2 14 29 46
18 10 1995 6 10 17 24 40
25 10 1995 10 21 26 28 46
01 11 1995 28 33 34 40 42
08 11 1995 4 11 13 18 43
15 11 1995 2 6 30 32 45
22 11 1995 3 10 23 31 35
29 11 1995 3 4 29 35 49
06 12 1995 2 23 24 26 40
13 12 1995 7 16 21 31 41
20 12 1995 3 24 30 36 40
27 12 1995 7 10 11 19 38
03 01 1996 5 15 24 25 38
10 01 1996 1 8 23 28 39
17 01 1996 2 4 11 26 28
24 01 1996 4 26 33 34 46
31 01 1996 5 29 35 44 46
07 02 1996 7 16 25 30 49
14 02 1996 3 19 21 44 45
21 02 1996 12 20 21 23 50
28 02 1996 25 28 30 42 45
06 03 1996 8 11 19 25 33
13 03 1996 20 35 38 42 47
20 03 1996 16 19 21 35 44
27 03 1996 13 23 28 32 35
03 04 1996 1 17 23 36 49
10 04 1996 8 26 28 47 50
17 04 1996 2 8 20 25 33
24 04 1996 9 14 16 23 39
01 05 1996 7 9 25 26 32
08 05 1996 3 16 19 21 38
15 05 1996 10 11 17 20 27
22 05 1996 3 7 19 37 44
29 05 1996 8 22 31 40 45
05 06 1996 10 15 20 30 39
12 06 1996 19 23 33 38 46
19 06 1996 2 13 34 37 50
26 06 1996 8 12 22 36 41
03 07 1996 10 31 34 37 42
10 07 1996 10 27 32 49 50
17 07 1996 6 18 22 30 37
24 07 1996 1 11 22 23 36
31 07 1996 8 10 25 36 37
07 08 1996 2 9 17 34 48
14 08 1996 1 20 21 44 45
21 08 1996 17 26 29 30 49
28 08 1996 9 23 25 26 35
04 09 1996 10 14 20 35 46
11 09 1996 8 10 29 44 48
18 09 1996 5 6 10 11 40
25 09 1996 2 9 10 38 40
02 10 1996 5 21 28 29 31
09 10 1996 5 7 9 12 29
16 10 1996 6 16 17 22 27
23 10 1996 1 10 22 23 30
30 10 1996 19 22 30 40 49
06 11 1996 10 19 30 31 49
13 11 1996 5 10 21 37 41
20 11 1996 7 31 35 42 50
27 11 1996 4 10 11 25 35
04 12 1996 6 8 11 22 48
11 12 1996 27 45 46 47 49
18 12 1996 7 8 24 25 44
25 12 1996 4 9 13 16 34
01 01 1997 4 7 39 41 50
08 01 1997 3 12 43 48 50
15 01 1997 5 13 14 21 24
22 01 1997 13 32 35 44 47
29 01 1997 6 10 13 17 19
05 02 1997 13 27 30 42 46
12 02 1997 4 31 36 41 43
19 02 1997 1 4 32 37 39
26 02 1997 4 7 21 28 41
05 03 1997 19 22 26 34 45
12 03 1997 13 28 38 42 50
19 03 1997 8 23 33 42 47
26 03 1997 3 7 25 47 50
02 04 1997 3 5 21 33 38
09 04 1997 12 23 25 32 44
16 04 1997 1 15 17 19 36
23 04 1997 8 9 11 15 26
30 04 1997 3 6 19 31 40
07 05 1997 6 10 27 33 40
14 05 1997 8 22 38 42 47
21 05 1997 8 17 34 40 41
28 05 1997 8 10 38 40 50
04 06 1997 2 10 18 20 47
11 06 1997 15 17 28 33 42
18 06 1997 20 31 42 43 49
25 06 1997 10 12 27 36 48
02 07 1997 8 9 17 29 46
09 07 1997 8 18 31 38 47
16 07 1997 5 21 27 32 34
23 07 1997 1 4 17 23 39
30 07 1997 12 25 31 33 38
06 08 1997 14 19 36 38 45
13 08 1997 4 9 13 24 44
20 08 1997 14 18 30 41 43
27 08 1997 1 16 20 39 45
03 09 1997 23 25 32 45 49
10 09 1997 6 22 24 33 35
17 09 1997 27 30 31 37 46
24 09 1997 6 9 19 39 49
01 10 1997 12 13 16 39 48
08 10 1997 6 10 14 21 29
15 10 1997 3 4 5 27 49
22 10 1997 4 5 31 32 39
29 10 1997 17 20 25 30 43
05 11 1997 18 20 30 35 45
12 11 1997 29 35 40 42 49
19 11 1997 3 10 12 16 33
26 11 1997 14 26 37 39 45
03 12 1997 25 28 33 44 49
10 12 1997 1 15 18 30 49
17 12 1997 2 9 32 47 50
24 12 1997 6 14 23 35 38
31 12 1997 13 23 24 29 50
07 01 1998 1 8 14 33 43
14 01 1998 6 7 8 35 41
21 01 1998 6 9 33 37 50
28 01 1998 3 5 39 47 48
04 02 1998 5 11 18 42 45
11 02 1998 8 15 23 44 48
18 02 1998 7 15 20 23 31
25 02 1998 6 15 16 22 40
04 03 1998 7 11 33 38 41
11 03 1998 7 28 38 44 50
18 03 1998 3 11 16 17 35
25 03 1998 1 10 19 30 38
01 04 1998 2 16 24 33 39
08 04 1998 4 12 19 29 44
15 04 1998 6 11 14 23 33
22 04 1998 5 10 31 41 48
29 04 1998 13 21 34 39 45
06 05 1998 16 18 26 38 50
13 05 1998 4 5 27 29 41
20 05 1998 7 27 37 41 43
27 05 1998 6 19 30 36 38
03 06 1998 10 29 30 43 48
10 06 1998 3 8 12 20 49
17 06 1998 14 25 26 32 34
24 06 1998 5 21 24 25 29
01 07 1998 4 5 12 14 47
08 07 1998 2 11 27 34 40
15 07 1998 2 19 20 32 41
22 07 1998 3 4 10 24 38
29 07 1998 18 25 31 48 50
05 08 1998 1 3 6 27 29
12 08 1998 10 23 29 31 42
19 08 1998 8 12 15 41 45
26 08 1998 1 12 16 49 50
02 09 1998 5 10 18 30 33
09 09 1998 9 15 28 32 47
16 09 1998 1 7 12 29 31
23 09 1998 17 21 23 37 48
30 09 1998 4 12 17 24 28
07 10 1998 16 23 26 41 43
14 10 1998 1 14 30 33 45
21 10 1998 17 25 28 30 40
28 10 1998 5 9 28 38 49
04 11 1998 9 10 29 43 47
11 11 1998 22 23 28 31 37
18 11 1998 3 22 39 43 47
25 11 1998 5 6 22 34 42
02 12 1998 9 11 14 43 48
09 12 1998 1 8 16 35 45
16 12 1998 5 19 28 29 31
23 12 1998 2 5 6 35 48
30 12 1998 8 20 31 38 50
06 01 1999 16 22 28 39 42
13 01 1999 10 12 28 38 41
20 01 1999 3 35 36 40 44
27 01 1999 13 16 25 31 45
03 02 1999 23 32 37 44 46
10 02 1999 13 15 18 31 38
17 02 1999 1 5 12 13 39
24 02 1999 15 22 26 31 32
03 03 1999 1 2 5 18 38
10 03 1999 6 10 14 18 27
17 03 1999 5 8 9 29 38
24 03 1999 5 8 18 21 24
31 03 1999 8 13 36 40 46
07 04 1999 7 8 17 23 43
14 04 1999 2 27 29 32 41
21 04 1999 2 5 7 12 35
28 04 1999 1 8 18 28 45
05 05 1999 25 33 35 41 49
12 05 1999 13 22 28 34 47
19 05 1999 7 8 30 37 38
26 05 1999 6 16 17 41 42
02 06 1999 9 16 24 35 48
09 06 1999 31 38 43 45 48
16 06 1999 1 17 19 28 40
23 06 1999 2 4 24 25 39
30 06 1999 12 37 43 47 48
07 07 1999 9 14 16 30 37
14 07 1999 14 24 25 30 40
21 07 1999 5 11 12 33 46
28 07 1999 4 25 28 35 41
04 08 1999 2 3 7 15 18
11 08 1999 1 10 15 38 50
18 08 1999 19 25 31 48 49
25 08 1999 6 9 13 39 44
01 09 1999 4 10 23 36 37
08 09 1999 14 15 26 40 43
15 09 1999 17 23 44 45 50
22 09 1999 2 16 24 33 34
29 09 1999 2 8 14 28 34
06 10 1999 20 22 33 45 48
13 10 1999 7 17 27 31 33
20 10 1999 9 10 18 24 44
27 10 1999 8 12 14 29 32
03 11 1999 2 12 27 40 49
10 11 1999 3 4 7 19 39
17 11 1999 19 20 24 26 42
24 11 1999 14 32 35 45 50
01 12 1999 5 6 7 38 45
08 12 1999 22 35 36 39 46
15 12 1999 24 25 28 35 36
22 12 1999 26 39 42 48 49
29 12 1999 6 7 20 21 23
05 01 2000 9 15 20 38 43
12 01 2000 10 17 20 28 44
19 01 2000 6 11 25 40 43
26 01 2000 16 28 34 37 48
02 02 2000 2 9 13 17 20
09 02 2000 8 28 41 46 48
16 02 2000 3 14 17 27 40
23 02 2000 12 34 35 43 45
01 03 2000 35 36 42 46 50
08 03 2000 18 19 33 40 48
15 03 2000 8 11 12 27 37
22 03 2000 12 15 21 46 48
29 03 2000 12 14 23 28 39
05 04 2000 6 11 12 33 48
12 04 2000 7 12 17 48 50
19 04 2000 2 21 32 42 44
26 04 2000 4 10 16 20 30
03 05 2000 14 15 17 30 37
10 05 2000 12 21 25 26 44
17 05 2000 16 23 32 40 50
24 05 2000 14 16 30 33 48
31 05 2000 15 16 18 25 29
07 06 2000 12 19 35 46 48
14 06 2000 17 24 30 36 41
21 06 2000 6 7 9 24 35
28 06 2000 18 24 31 33 40
05 07 2000 20 27 28 41 50
12 07 2000 12 15 32 46 47
19 07 2000 22 25 27 33 38
26 07 2000 19 22 31 40 42
02 08 2000 4 16 24 28 39
09 08 2000 15 21 27 40 45
16 08 2000 3 6 19 24 41
23 08 2000 22 37 39 48 50
30 08 2000 3 5 15 34 46
06 09 2000 2 6 26 35 46
13 09 2000 14 27 36 39 41
20 09 2000 13 17 26 34 37
27 09 2000 13 15 16 23 27
04 10 2000 11 12 15 26 36
11 10 2000 17 31 32 48 50
18 10 2000 18 19 23 25 48
25 10 2000 10 36 40 48 50
01 11 2000 4 18 21 27 48
08 11 2000 5 14 33 38 41
15 11 2000 3 9 18 45 49
22 11 2000 2 7 8 26 35
29 11 2000 7 24 26 31 44
06 12 2000 18 33 37 38 41
13 12 2000 5 9 10 38 39
20 12 2000 1 3 5 41 42
27 12 2000 24 29 37 39 47
03 01 2001 5 13 14 15 20
10 01 2001 16 23 38 43 45
17 01 2001 4 16 21 29 31
24 01 2001 1 11 13 22 23
31 01 2001 3 23 29 32 43
07 02 2001 2 10 11 31 32
14 02 2001 15 16 30 44 45
21 02 2001 5 9 10 33 47
28 02 2001 1 29 32 41 45
07 03 2001 5 13 24 35 45
14 03 2001 15 30 40 42 47
21 03 2001 1 16 17 20 48
28 03 2001 5 30 41 44 48
04 04 2001 2 9 11 39 44
11 04 2001 7 17 37 43 46
18 04 2001 5 19 26 29 33
25 04 2001 5 18 19 36 46
02 05 2001 7 15 35 40 49
09 05 2001 14 28 30 35 38
16 05 2001 16 18 30 38 45
23 05 2001 12 24 32 35 40
30 05 2001 4 10 16 31 44
06 06 2001 23 32 36 37 42
13 06 2001 8 22 32 33 39
20 06 2001 12 22 27 38 48
27 06 2001 6 8 18 24 29
04 07 2001 6 7 34 42 47
11 07 2001 8 24 27 39 45
18 07 2001 4 9 13 32 47
25 07 2001 26 27 28 39 40
01 08 2001 5 13 27 37 50
08 08 2001 17 24 26 36 44
15 08 2001 4 9 12 16 42
22 08 2001 6 25 39 44 50
29 08 2001 3 11 17 33 49
05 09 2001 2 6 27 28 49
12 09 2001 6 34 35 40 46
19 09 2001 1 27 33 42 44
26 09 2001 7 18 19 40 47
03 10 2001 28 43 45 47 48
10 10 2001 8 9 24 44 46
17 10 2001 1 18 25 34 35
24 10 2001 14 16 18 20 21
31 10 2001 4 26 41 45 48
07 11 2001 12 34 43 44 48
14 11 2001 7 30 34 43 44
21 11 2001 14 29 38 41 47
28 11 2001 3 12 29 33 39
05 12 2001 2 4 18 25 31
12 12 2001 17 24 28 43 50
19 12 2001 1 16 38 39 42
26 12 2001 1 7 27 30 35
02 01 2002 18 19 20 33 42
09 01 2002 4 9 23 48 50
16 01 2002 2 21 26 41 43
23 01 2002 6 31 32 40 42
30 01 2002 8 19 21 24 33
06 02 2002 2 19 23 28 36
13 02 2002 5 36 39 40 41
20 02 2002 11 37 38 45 47
27 02 2002 6 17 22 31 42
06 03 2002 7 9 22 28 39
13 03 2002 23 28 32 41 50
20 03 2002 7 25 26 32 48
27 03 2002 1 13 20 30 39
03 04 2002 20 26 30 35 47
10 04 2002 11 16 34 42 50
17 04 2002 11 13 38 39 47
24 04 2002 18 26 28 32 37
01 05 2002 8 12 23 27 46
08 05 2002 2 23 28 31 47
15 05 2002 5 8 21 49 50
22 05 2002 1 9 11 20 43
29 05 2002 5 7 19 36 38
05 06 2002 4 5 11 37 44
12 06 2002 1 2 19 28 32
19 06 2002 16 24 26 33 48
26 06 2002 4 5 18 22 23
03 07 2002 4 6 12 24 44
10 07 2002 12 13 14 33 49
17 07 2002 4 7 12 40 48
24 07 2002 4 10 33 35 41
31 07 2002 8 13 23 32 38
07 08 2002 13 16 23 36 49
14 08 2002 12 18 23 29 37
21 08 2002 1 25 34 35 36
28 08 2002 24 33 37 40 45
04 09 2002 4 23 25 39 48
11 09 2002 20 21 32 35 46
18 09 2002 13 35 44 45 49
25 09 2002 12 22 30 34 46
02 10 2002 2 16 19 32 46
09 10 2002 26 28 34 40 42
16 10 2002 1 6 19 31 32
23 10 2002 34 35 37 41 48
30 10 2002 7 13 17 33 47
06 11 2002 5 14 20 21 40
13 11 2002 2 20 23 32 35
20 11 2002 13 15 18 27 42
27 11 2002 4 23 38 43 49
04 12 2002 21 29 35 43 49
11 12 2002 3 5 15 21 25
18 12 2002 20 26 30 36 37
25 12 2002 1 5 10 31 41
01 01 2003 9 11 16 22 48
08 01 2003 4 28 33 35 49
15 01 2003 7 11 12 26 48
22 01 2003 1 9 17 31 43
29 01 2003 3 16 24 37 43
05 02 2003 4 5 8 28 38
12 02 2003 8 15 27 40 48
19 02 2003 9 11 24 25 38
26 02 2003 33 36 38 41 48
05 03 2003 4 11 17 24 36
12 03 2003 3 9 26 34 39
19 03 2003 9 12 15 21 35
26 03 2003 24 30 32 35 37
02 04 2003 8 10 13 39 50
09 04 2003 13 21 33 45 46
16 04 2003 11 23 27 38 46
23 04 2003 1 4 7 18 20
30 04 2003 9 20 24 40 45
07 05 2003 7 8 15 21 35
14 05 2003 10 13 18 25 47
21 05 2003 7 10 19 34 47
28 05 2003 17 25 30 42 48
04 06 2003 6 34 38 40 49
11 06 2003 6 14 23 27 37
18 06 2003 13 15 37 41 45
25 06 2003 5 12 23 27 49
02 07 2003 6 16 21 23 46
09 07 2003 13 18 27 31 37
16 07 2003 9 13 26 39 43
23 07 2003 3 15 28 48 50
30 07 2003 5 10 39 40 48
06 08 2003 16 37 38 40 43
13 08 2003 6 7 10 17 33
20 08 2003 9 23 28 34 47
27 08 2003 3 16 23 26 32
03 09 2003 2 15 25 34 37
10 09 2003 21 28 36 40 45
17 09 2003 22 27 32 39 43
24 09 2003 9 16 23 36 43
01 10 2003 19 28 36 41 46
08 10 2003 10 13 24 47 49
15 10 2003 12 16 25 33 39
22 10 2003 5 9 12 18 35
29 10 2003 6 24 37 43 46
05 11 2003 4 10 16 44 47
12 11 2003 3 13 31 34 37
19 11 2003 18 26 29 45 47
26 11 2003 8 29 41 46 50
03 12 2003 1 7 14 48 49
10 12 2003 1 4 22 37 49
17 12 2003 17 33 35 38 47
24 12 2003 1 3 18 37 38
31 12 2003 5 16 28 30 36
07 01 2004 5 7 8 17 49
14 01 2004 11 13 28 30 49
21 01 2004 1 7 23 33 36
28 01 2004 3 12 34 45 49
04 02 2004 1 14 28 37 41
11 02 2004 8 18 19 25 27
18 02 2004 17 22 23 34 43
25 02 2004 16 24 33 46 49
03 03 2004 2 16 20 36 46
10 03 2004 6 10 11 12 19
17 03 2004 21 29 38 39 47
24 03 2004 5 15 16 39 47
31 03 2004 14 18 19 24 39
07 04 2004 1 21 22 34 37
14 04 2004 6 18 34 35 37
21 04 2004 2 14 27 34 46
28 04 2004 3 5 7 35 45
05 05 2004 2 10 17 37 41
12 05 2004 6 7 13 30 50
19 05 2004 1 2 26 29 36
26 05 2004 23 24 29 31 46
02 06 2004 2 7 10 32 43
09 06 2004 8 44 45 47 50
16 06 2004 1 3 17 34 42
23 06 2004 2 17 22 23 27
30 06 2004 4 5 19 30 33
07 07 2004 7 13 27 28 35
14 07 2004 14 22 35 36 40
21 07 2004 4 11 34 40 45
28 07 2004 2 6 23 34 46
04 08 2004 9 24 25 28 29
11 08 2004 10 15 34 46 50
18 08 2004 10 26 27 40 48
25 08 2004 12 21 37 47 48
01 09 2004 6 24 27 32 43
08 09 2004 1 6 34 41 42
15 09 2004 17 19 24 42 46
22 09 2004 4 13 14 15 31
29 09 2004 1 4 24 40 45
06 10 2004 1 21 34 38 49
13 10 2004 9 10 18 24 41
20 10 2004 2 8 20 31 37
27 10 2004 6 14 20 31 32
03 11 2004 11 15 26 42 47
10 11 2004 2 4 15 29 32
17 11 2004 2 21 23 32 37
24 11 2004 19 20 33 44 49
01 12 2004 9 12 31 41 49
08 12 2004 4 31 36 37 46
15 12 2004 24 35 42 45 47
22 12 2004 1 2 35 40 48
29 12 2004 4 7 12 39 47
05 01 2005 15 17 39 46 49
12 01 2005 6 10 11 15 45
19 01 2005 29 33 38 41 48
26 01 2005 4 5 16 29 32
02 02 2005 7 18 26 29 42
09 02 2005 20 31 32 38 48
16 02 2005 16 25 27 32 47
23 02 2005 8 14 27 37 48
02 03 2005 14 20 28 40 47
09 03 2005 8 11 23 30 44
16 03 2005 16 23 29 36 37
23 03 2005 8 9 20 29 47
30 03 2005 5 12 24 28 36
06 04 2005 24 43 44 48 50
13 04 2005 13 18 35 39 42
20 04 2005 13 17 26 38 45
27 04 2005 10 12 23 28 39
04 05 2005 5 19 20 26 43
11 05 2005 6 18 26 34 49
18 05 2005 17 27 36 43 44
25 05 2005 18 24 31 33 42
01 06 2005 10 15 19 20 36
08 06 2005 10 26 31 34 45
15 06 2005 8 14 35 37 41
22 06 2005 8 9 13 24 32
29 06 2005 1 2 28 38 49
06 07 2005 13 23 29 41 47
13 07 2005 6 24 38 49 50
20 07 2005 6 12 15 34 35
27 07 2005 1 8 31 44 50
03 08 2005 4 12 16 22 40
10 08 2005 4 15 18 46 47
17 08 2005 7 17 18 24 44
24 08 2005 5 10 24 41 50
31 08 2005 21 22 23 24 26
07 09 2005 6 14 19 29 35
14 09 2005 11 16 32 45 49
21 09 2005 2 11 20 29 40
28 09 2005 16 35 39 44 45
05 10 2005 25 32 42 49 50
12 10 2005 2 17 20 44 50
19 10 2005 8 19 34 38 42
26 10 2005 2 17 18 31 36
02 11 2005 8 21 22 30 40
09 11 2005 25 29 35 37 45
16 11 2005 1 19 27 30 36
23 11 2005 1 3 20 38 45
30 11 2005 2 25 27 36 39
07 12 2005 12 25 31 46 50
14 12 2005 7 24 28 29 32
21 12 2005 10 15 33 39 41
28 12 2005 19 20 22 38 39
04 01 2006 9 14 20 24 48
11 01 2006 6 11 17 23 38
18 01 2006 18 19 20 31 32
25 01 2006 15 17 35 40 47
01 02 2006 17 26 33 39 49
08 02 2006 8 15 27 38 44
15 02 2006 28 35 37 40 43
22 02 2006 1 9 10 17 38
01 03 2006 9 10 27 28 48
08 03 2006 5 13 23 24 37
15 03 2006 8 12 15 26 40
22 03 2006 10 16 25 42 50
29 03 2006 15 16 29 37 38
05 04 2006 2 4 5 13 23
12 04 2006 3 11 37 39 41
19 04 2006 12 21 37 48 49
26 04 2006 3 12 13 14 48
03 05 2006 5 11 12 23 38
10 05 2006 4 19 35 39 49
17 05 2006 23 24 29 34 38
24 05 2006 20 27 29 34 39
31 05 2006 12 14 21 28 40
07 06 2006 11 16 24 34 49
14 06 2006 16 17 21 30 33
21 06 2006 2 14 20 24 39
28 06 2006 1 11 14 37 38
05 07 2006 6 18 25 29 46
12 07 2006 20 23 33 40 49
19 07 2006 16 17 22 44 45
26 07 2006 12 13 29 44 48
02 08 2006 2 3 21 28 31
09 08 2006 17 27 36 39 41
16 08 2006 16 19 23 24 43
23 08 2006 5 7 21 32 39
30 08 2006 7 16 23 30 34
06 09 2006 3 17 25 30 31
13 09 2006 4 13 24 33 45
20 09 2006 1 8 18 21 40
27 09 2006 9 18 29 40 42
04 10 2006 17 18 36 40 46
11 10 2006 3 5 25 26 41
18 10 2006 21 23 29 34 41
25 10 2006 18 19 35 39 43
01 11 2006 2 16 33 39 49
08 11 2006 5 28 31 45 46
15 11 2006 2 4 25 37 50
22 11 2006 21 28 29 34 44
29 11 2006 6 9 23 44 45
06 12 2006 18 29 31 33 47
13 12 2006 1 29 38 46 50
20 12 2006 13 15 28 48 50
27 12 2006 1 3 7 27 49
03 01 2007 8 27 31 36 42
10 01 2007 2 7 33 35 41
17 01 2007 17 24 31 32 49
24 01 2007 5 18 25 27 28
31 01 2007 2 22 23 25 34
07 02 2007 25 28 30 33 34
14 02 2007 2 4 12 21 30
21 02 2007 17 34 36 38 45
28 02 2007 2 4 20 45 47
07 03 2007 1 14 21 22 30
14 03 2007 25 29 44 48 49
21 03 2007 2 9 12 28 36
28 03 2007 8 20 40 41 47
04 04 2007 9 21 23 30 34
11 04 2007 12 14 38 41 50
18 04 2007 3 19 23 45 46
25 04 2007 14 16 22 44 48
02 05 2007 3 8 13 25 43
09 05 2007 9 20 22 46 50
16 05 2007 4 11 32 33 44
23 05 2007 12 13 16 24 31
30 05 2007 9 15 25 27 38
06 06 2007 5 7 22 42 46
13 06 2007 1 3 10 22 34
20 06 2007 4 7 9 14 24
27 06 2007 20 23 38 48 49
04 07 2007 12 22 24 36 40
11 07 2007 20 39 47 49 50
18 07 2007 19 22 40 46 47
25 07 2007 7 24 41 46 49
01 08 2007 2 17 23 27 29
08 08 2007 10 16 21 43 46
15 08 2007 1 12 21 36 42
22 08 2007 2 7 34 40 41
29 08 2007 26 28 30 33 36
05 09 2007 16 26 29 39 41
12 09 2007 5 6 14 20 28
19 09 2007 3 6 25 39 48
26 09 2007 12 20 22 23 37
03 10 2007 1 7 13 16 24
10 10 2007 1 11 32 33 40
17 10 2007 7 17 23 39 48
24 10 2007 7 19 22 28 32
31 10 2007 1 27 39 45 47
07 11 2007 11 12 14 35 39
14 11 2007 8 18 26 27 30
21 11 2007 13 22 24 26 33
28 11 2007 11 12 28 29 33
05 12 2007 2 12 20 28 46
12 12 2007 11 17 19 27 28
19 12 2007 5 11 20 26 30
26 12 2007 30 34 45 46 48
02 01 2008 3 19 23 32 33
09 01 2008 5 10 12 15 29
16 01 2008 13 14 31 40 48
23 01 2008 19 25 26 37 49
30 01 2008 4 8 9 17 37
06 02 2008 5 16 38 41 47
13 02 2008 9 11 27 32 49
20 02 2008 1 6 28 40 41
27 02 2008 4 5 15 30 48
05 03 2008 3 21 25 29 46
12 03 2008 8 13 31 42 49
19 03 2008 4 38 44 48 50
26 03 2008 28 33 43 45 46
02 04 2008 17 20 27 37 38
09 04 2008 2 8 25 32 47
16 04 2008 29 34 46 48 49
23 04 2008 7 21 22 26 29
30 04 2008 5 11 22 27 44
07 05 2008 3 16 25 39 43
14 05 2008 1 14 18 25 31
21 05 2008 3 25 29 32 35
28 05 2008 5 7 10 33 34
04 06 2008 13 27 35 39 45
11 06 2008 3 15 34 38 49
18 06 2008 3 20 26 43 44
25 06 2008 6 18 35 38 46
02 07 2008 11 14 16 20 30
09 07 2008 3 20 27 31 47
16 07 2008 9 13 20 25 35
23 07 2008 4 8 14 29 40
30 07 2008 9 21 24 37 38
06 08 2008 1 14 35 43 45
13 08 2008 8 13 17 32 48
20 08 2008 7 34 37 43 44
27 08 2008 6 18 22 29 32
03 09 2008 5 23 25 40 49
10 09 2008 1 8 15 40 48
17 09 2008 4 22 26 28 42
24 09 2008 16 25 30 42 50
01 10 2008 24 29 33 36 38
08 10 2008 5 7 25 32 43
15 10 2008 14 16 26 31 48
22 10 2008 12 14 26 37 47
29 10 2008 17 23 29 41 45
05 11 2008 15 19 44 45 46
12 11 2008 6 10 30 33 48
19 11 2008 8 14 39 40 43
26 11 2008 25 31 40 41 45
03 12 2008 10 12 35 37 48
10 12 2008 4 6 13 40 50
17 12 2008 3 8 20 32 49
24 12 2008 18 29 31 32 39
31 12 2008 4 24 29 34 44
07 01 2009 9 10 14 33 48
14 01 2009 6 18 19 22 48
21 01 2009 3 4 8 11 20
28 01 2009 6 10 23 27 31
04 02 2009 2 12 30 34 42
11 02 2009 4 5 9 32 39
18 02 2009 4 16 31 33 50
25 02 2009 1 19 37 40 44
04 03 2009 13 28 38 41 44
11 03 2009 18 22 24 41 49
18 03 2009 9 22 35 39 41
25 03 2009 2 14 15 32 43
01 04 2009 6 23 27 43 46
08 04 2009 9 25 29 37 47
15 04 2009 4 10 15 16 26
22 04 2009 2 8 14 29 31
29 04 2009 6 13 16 26 30
06 05 2009 11 28 30 42 48
13 05 2009 9 11 18 25 37
20 05 2009 17 22 35 47 49
27 05 2009 1 12 23 38 39
03 06 2009 1 27 40 44 46
10 06 2009 6 9 38 44 49
17 06 2009 12 29 33 48 50
24 06 2009 3 8 11 42 48
01 07 2009 6 9 13 26 49
08 07 2009 1 12 28 35 47
15 07 2009 2 9 15 17 31
22 07 2009 2 14 25 36 45
29 07 2009 14 42 47 48 49
05 08 2009 3 5 11 32 47
12 08 2009 10 12 16 29 45
19 08 2009 9 13 24 27 45
26 08 2009 2 3 6 23 28
02 09 2009 7 11 16 26 31
09 09 2009 7 8 10 24 49
16 09 2009 1 13 14 20 31
23 09 2009 5 24 29 42 44
30 09 2009 24 28 31 34 37
07 10 2009 6 11 15 28 34
14 10 2009 3 16 32 41 48
21 10 2009 5 7 14 25 37
28 10 2009 8 9 33 39 47
04 11 2009 1 14 21 32 41
11 11 2009 2 12 16 26 36
18 11 2009 1 20 21 22 35
25 11 2009 5 9 10 19 38
02 12 2009 15 21 22 32 47
09 12 2009 19 22 26 29 31
16 12 2009 3 18 33 37 50
23 12 2009 2 21 31 37 42
30 12 2009 3 15 25 27 40
06 01 2010 5 8 21 31 49
13 01 2010 1 5 24 25 47
20 01 2010 3 6 21 27 31
27 01 2010 10 22 25 29 34
03 02 2010 7 8 10 16 46
10 02 2010 5 12 16 21 36
17 02 2010 3 12 25 44 46
24 02 2010 2 26 32 36 48
03 03 2010 2 11 29 30 36
10 03 2010 13 22 23 24 41
17 03 2010 17 28 32 41 47
24 03 2010 20 36 39 40 44
31 03 2010 2 32 33 41 44
07 04 2010 10 21 22 32 39
14 04 2010 3 23 32 47 50
21 04 2010 9 27 30 41 48
28 04 2010 27 29 37 46 49
05 05 2010 4 6 8 16 17
12 05 2010 1 9 33 40 46
19 05 2010 10 14 20 25 49
26 05 2010 4 12 14 23 28
02 06 2010 13 27 32 41 49
09 06 2010 6 11 17 39 49
16 06 2010 5 15 18 27 46
23 06 2010 12 14 20 28 46
30 06 2010 5 14 20 41 43
07 07 2010 17 27 40 43 44
14 07 2010 2 18 23 33 35
21 07 2010 12 25 33 36 45
28 07 2010 1 2 7 22 40
04 08 2010 22 26 32 41 42
11 08 2010 18 27 31 36 45
18 08 2010 1 2 8 12 44
25 08 2010 11 20 28 41 44
01 09 2010 17 22 26 33 44
08 09 2010 13 19 28 31 42
15 09 2010 14 34 40 41 42
22 09 2010 3 14 19 34 42
29 09 2010 8 15 26 43 44
06 10 2010 11 15 21 38 50
13 10 2010 4 11 21 38 45
20 10 2010 1 22 32 36 50
27 10 2010 15 35 43 46 48
03 11 2010 5 14 18 26 28
10 11 2010 4 15 38 44 49
17 11 2010 9 35 41 45 46
24 11 2010 12 16 21 33 40
01 12 2010 3 12 13 39 44
08 12 2010 5 24 27 41 49
15 12 2010 4 24 27 37 44
22 12 2010 2 33 38 44 47
29 12 2010 29 32 33 42 49
05 01 2011 1 13 19 36 44
12 01 2011 2 6 13 41 45
19 01 2011 16 21 41 44 46
26 01 2011 5 16 21 26 48
02 02 2011 25 26 43 45 49
09 02 2011 4 18 26 29 31
16 02 2011 19 35 46 49 50
23 02 2011 3 6 19 27 33
02 03 2011 18 20 23 41 50
09 03 2011 14 35 39 44 45
16 03 2011 14 30 33 36 38
23 03 2011 5 11 16 33 46
30 03 2011 29 31 34 45 49
06 04 2011 7 29 32 34 41
13 04 2011 6 11 40 46 49
20 04 2011 2 35 37 42 46
27 04 2011 5 9 23 30 42
04 05 2011 16 28 36 39 40
11 05 2011 5 8 14 24 32
18 05 2011 8 22 30 39 40
25 05 2011 2 22 44 47 50
01 06 2011 22 29 32 38 42
08 06 2011 11 21 33 39 46
15 06 2011 15 23 27 36 50
22 06 2011 6 21 24 32 45
29 06 2011 20 22 27 44 45
06 07 2011 14 31 36 47 48
13 07 2011 1 12 22 24 27
20 07 2011 7 9 20 42 47
27 07 2011 25 27 30 31 46
03 08 2011 3 6 20 32 36
10 08 2011 5 24 29 45 49
17 08 2011 4 9 36 43 44
24 08 2011 5 9 29 34 47
31 08 2011 5 12 14 16 20
07 09 2011 11 37 40 41 45
14 09 2011 11 13 28 35 46
21 09 2011 13 24 30 35 39
28 09 2011 22 30 32 33 40
05 10 2011 2 9 17 21 50
12 10 2011 2 24 35 39 40
19 10 2011 2 25 37 45 48
26 10 2011 7 22 35 39 50
02 11 2011 2 10 14 40 41
09 11 2011 22 26 35 44 46
16 11 2011 7 12 13 25 47
23 11 2011 1 2 4 17 30
30 11 2011 1 32 39 43 46
07 12 2011 6 18 20 28 40
14 12 2011 7 16 20 27 42
21 12 2011 19 33 39 40 44
28 12 2011 7 37 44 45 46
04 01 2012 7 23 41 47 50
11 01 2012 2 8 10 36 43
18 01 2012 6 17 29 34 36
25 01 2012 12 25 30 39 48
01 02 2012 6 9 18 19 41
08 02 2012 3 4 38 43 50
15 02 2012 10 12 18 46 48
22 02 2012 1 3 30 38 39
29 02 2012 6 17 29 41 43
07 03 2012 4 14 17 24 48
14 03 2012 3 4 16 23 33
21 03 2012 2 5 6 15 18
28 03 2012 1 2 14 32 49
04 04 2012 7 18 20 30 50
11 04 2012 6 14 22 38 44
18 04 2012 4 9 11 41 42
25 04 2012 10 24 26 46 48
02 05 2012 1 7 15 18 43
09 05 2012 11 24 25 33 50
16 05 2012 6 8 12 23 28
23 05 2012 15 19 26 28 29
30 05 2012 11 25 30 34 37
06 06 2012 8 9 25 28 34
13 06 2012 3 24 27 36 42
20 06 2012 3 7 24 26 46
27 06 2012 10 18 25 35 37
04 07 2012 2 4 8 27 35
11 07 2012 4 12 23 24 48
18 07 2012 22 29 31 33 41
25 07 2012 5 8 43 44 48
01 08 2012 22 23 26 39 45
08 08 2012 12 22 35 39 50
15 08 2012 1 25 28 42 44
22 08 2012 3 6 14 15 35
29 08 2012 17 34 38 41 47
05 09 2012 4 20 21 33 36
12 09 2012 18 24 29 42 43
19 09 2012 15 19 28 31 38
26 09 2012 1 12 14 21 29
03 10 2012 3 8 13 27 43
10 10 2012 28 30 36 39 44
17 10 2012 2 10 15 21 22
24 10 2012 7 15 16 45 46
31 10 2012 10 16 35 46 47
07 11 2012 5 7 11 24 30
14 11 2012 3 8 9 19 50
21 11 2012 14 15 16 38 46
28 11 2012 21 22 27 49 50
05 12 2012 17 32 36 42 44
12 12 2012 29 30 44 46 47
19 12 2012 6 25 29 35 41
26 12 2012 2 20 32 33 48
02 01 2013 21 33 38 44 45
09 01 2013 6 7 14 16 23
16 01 2013 3 6 41 43 47
23 01 2013 12 26 31 36 41
30 01 2013 4 5 8 22 41
06 02 2013 3 11 24 27 46
13 02 2013 35 43 45 48 50
20 02 2013 1 7 11 13 25
27 02 2013 1 11 17 32 41
06 03 2013 2 19 27 39 49
13 03 2013 6 15 40 44 47
20 03 2013 3 17 20 43 48
27 03 2013 1 2 42 47 50
03 04 2013 6 7 16 26 27
10 04 2013 15 21 23 25 49
17 04 2013 18 24 29 35 43
24 04 2013 25 30 33 38 46
01 05 2013 12 26 27 34 35
08 05 2013 13 17 19 20 35
15 05 2013 10 11 16 26 35
22 05 2013 13 24 27 40 50
29 05 2013 17 20 29 41 45
05 06 2013 9 10 14 38 41
12 06 2013 13 27 28 31 40
19 06 2013 2 9 20 48 50
26 06 2013 21 27 35 47 48
03 07 2013 16 22 23 26 28
10 07 2013 17 20 36 43 47
17 07 2013 1 8 27 44 45
24 07 2013 10 16 23 35 40
31 07 2013 18 34 39 42 43
07 08 2013 9 19 24 28 36
14 08 2013 1 14 22 31 36
21 08 2013 14 21 33 45 49
28 08 2013 2 12 17 21 48
04 09 2013 7 15 20 34 50
11 09 2013 4 23 34 38 47
18 09 2013 8 15 16 40 48
25 09 2013 1 16 43 46 48
02 10 2013 1 23 32 42 48
09 10 2013 11 43 44 45 46
16 10 2013 9 15 44 47 49
23 10 2013 2 16 17 18 36
30 10 2013 26 32 35 41 44
06 11 2013 1 2 4 36 41
13 11 2013 22 26 28 31 32
20 11 2013 15 16 21 36 41
27 11 2013 1 13 20 26 49
04 12 2013 10 20 35 37 50
11 12 2013 3 6 10 30 43
18 12 2013 7 12 13 30 31
25 12 2013 11 31 35 39 45
01 01 2014 4 12 23 26 46
08 01 2014 7 23 25 34 46
15 01 2014 6 11 19 23 24
22 01 2014 17 20 30 46 48
29 01 2014 5 25 35 38 42
05 02 2014 12 24 32 35 37
12 02 2014 17 20 22 39 46
19 02 2014 1 18 19 44 48
26 02 2014 6 16 19 37 38
05 03 2014 1 6 16 37 40
12 03 2014 5 9 24 46 50
19 03 2014 20 25 34 41 48
26 03 2014 14 15 22 39 41
02 04 2014 2 5 6 8 36
09 04 2014 4 8 16 19 43
16 04 2014 13 25 29 36 44
23 04 2014 1 5 13 20 50
30 04 2014 12 19 36 38 50
07 05 2014 9 24 35 36 50
14 05 2014 1 4 5 31 38
21 05 2014 5 23 36 38 42
28 05 2014 16 17 30 40 44
04 06 2014 7 11 15 17 28
11 06 2014 3 15 18 35 39
18 06 2014 20 29 37 39 45
25 06 2014 25 27 40 42 49
02 07 2014 5 15 18 21 23
09 07 2014 5 11 20 27 48
16 07 2014 6 31 33 45 47
23 07 2014 11 14 17 24 48
30 07 2014 2 7 19 40 45
06 08 2014 6 14 29 39 40
13 08 2014 4 11 25 30 37
20 08 2014 1 15 20 31 37
27 08 2014 5 11 24 30 42
03 09 2014 28 31 39 42 49
10 09 2014 8 20 23 43 49
17 09 2014 4 12 18 21 33
24 09 2014 7 28 32 44 48
01 10 2014 8 12 30 40 46
08 10 2014 6 19 29 34 38
15 10 2014 1 11 17 21 47
22 10 2014 8 13 16 19 30
29 10 2014 14 16 17 44 46
05 11 2014 4 5 11 45 47
12 11 2014 6 8 14 30 35
19 11 2014 13 24 28 35 41
26 11 2014 33 36 39 42 46
03 12 2014 3 8 16 28 48
10 12 2014 13 23 28 33 42
17 12 2014 22 23 27 38 42
24 12 2014 3 6 13 23 30
31 12 2014 1 2 24 37 38
07 01 2015 14 36 38 39 48
14 01 2015 5 11 21 40 48
21 01 2015 12 17 44 47 49
28 01 2015 4 23 33 42 47
04 02 2015 8 11 28 49 50
11 02 2015 4 24 44 45 49
18 02 2015 3 19 32 37 41
25 02 2015 11 26 39 41 49
04 03 2015 22 38 42 46 50
11 03 2015 8 12 13 22 28
18 03 2015 14 24 34 38 41
25 03 2015 22 33 37 39 42
01 04 2015 14 35 37 44 47
08 04 2015 9 22 27 34 39
15 04 2015 1 10 18 23 40
22 04 2015 4 13 31 45 48
29 04 2015 8 23 31 32 50
06 05 2015 5 9 32 39 43
13 05 2015 4 6 16 28 38
20 05 2015 21 32 40 44 48
27 05 2015 17 34 41 42 50
03 06 2015 7 19 23 31 45
10 06 2015 7 10 13 27 36
17 06 2015 16 30 39 46 47
24 06 2015 7 9 19 22 46
01 07 2015 17 25 31 35 48
08 07 2015 26 27 36 40 41
15 07 2015 9 12 21 30 33
22 07 2015 8 9 20 21 38
29 07 2015 6 13 34 35 44
05 08 2015 6 14 22 39 45
12 08 2015 9 12 18 26 44
19 08 2015 10 26 38 47 49
26 08 2015 12 27 44 46 48
02 09 2015 4 14 18 23 28
09 09 2015 8 12 28 33 49
16 09 2015 13 18 28 29 35
23 09 2015 6 21 41 42 45
30 09 2015 1 2 5 30 39
07 10 2015 4 10 14 27 36
14 10 2015 4 13 19 33 38
21 10 2015 15 18 29 44 47
28 10 2015 6 11 15 38 43
04 11 2015 10 13 35 37 50
11 11 2015 2 17 39 40 46
18 11 2015 2 13 25 26 28
25 11 2015 13 15 26 31 46
02 12 2015 11 15 24 29 45
09 12 2015 2 9 10 21 36
16 12 2015 6 19 26 38 43
23 12 2015 13 14 17 20 22
30 12 2015 20 23 30 40 44
06 01 2016 7 20 21 34 35
13 01 2016 3 14 29 31 37
20 01 2016 12 15 23 38 41
27 01 2016 5 22 30 44 50
03 02 2016 15 20 21 34 36
10 02 2016 10 15 23 32 45
17 02 2016 3 21 30 37 43
24 02 2016 18 25 29 32 44
02 03 2016 4 5 21 40 47
09 03 2016 22 23 26 32 42
16 03 2016 1 3 31 37 46
23 03 2016 3 5 12 38 45
30 03 2016 20 25 29 48 49
06 04 2016 1 5 24 34 44
13 04 2016 3 7 11 14 23
20 04 2016 12 26 30 33 37
27 04 2016 7 13 15 17 37
04 05 2016 3 5 25 29 41
11 05 2016 2 6 22 31 42
18 05 2016 1 8 22 47 48
25 05 2016 13 17 19 37 47
01 06 2016 1 13 23 26 37
08 06 2016 5 28 33 37 45
15 06 2016 10 23 30 35 36
22 06 2016 16 18 20 31 37
29 06 2016 17 35 36 38 46
06 07 2016 12 26 32 40 50
13 07 2016 1 21 34 37 47
20 07 2016 9 13 24 33 47
27 07 2016 5 9 15 40 48
03 08 2016 5 7 28 39 44
10 08 2016 15 24 27 28 46
17 08 2016 11 17 20 35 37
24 08 2016 4 13 15 35 50
31 08 2016 7 25 34 45 50
07 09 2016 6 20 29 38 49
14 09 2016 5 16 28 37 44
21 09 2016 1 6 8 17 33
28 09 2016 33 36 44 48 49
05 10 2016 1 10 13 15 18
12 10 2016 4 11 19 43 45
19 10 2016 11 25 27 32 44
26 10 2016 14 22 25 27 31
02 11 2016 14 15 22 29 30
09 11 2016 11 14 15 17 29
16 11 2016 21 29 30 33 49
23 11 2016 12 17 19 24 27
30 11 2016 16 30 36 40 50
07 12 2016 3 27 31 40 48
14 12 2016 9 12 21 34 35
21 12 2016 1 23 31 35 48
28 12 2016 7 8 27 29 40
04 01 2017 9 10 16 31 46
11 01 2017 25 37 38 44 49
18 01 2017 5 14 15 16 27
25 01 2017 7 12 18 25 26
01 02 2017 10 11 12 26 40
08 02 2017 23 33 38 42 45
15 02 2017 20 24 26 28 39
22 02 2017 17 21 27 37 48
01 03 2017 2 16 26 30 37
08 03 2017 2 4 13 35 43
15 03 2017 17 18 23 33 43
22 03 2017 2 10 15 20 32
29 03 2017 1 16 25 28 42
05 04 2017 1 10 16 28 44
12 04 2017 17 25 34 42 50
19 04 2017 9 12 26 28 40
26 04 2017 4 15 24 31 49
03 05 2017 8 18 25 34 40
10 05 2017 2 17 22 27 42
17 05 2017 6 10 21 22 23
24 05 2017 13 22 39 40 47
31 05 2017 8 19 29 31 49
07 06 2017 25 29 43 45 48
14 06 2017 13 24 28 37 46
21 06 2017 19 25 30 42 43
28 06 2017 1 5 15 26 37
05 07 2017 13 29 34 38 39
12 07 2017 9 11 13 43 44
19 07 2017 4 22 34 37 46
26 07 2017 6 8 10 34 37
02 08 2017 8 9 29 30 49
09 08 2017 2 8 11 16 33
16 08 2017 2 16 25 37 47
23 08 2017 21 28 29 33 42
30 08 2017 14 28 34 36 43
06 09 2017 2 8 25 41 46
13 09 2017 13 20 25 36 48
20 09 2017 1 17 25 27 48
27 09 2017 3 16 32 44 49
04 10 2017 4 14 19 25 34
11 10 2017 2 8 12 19 45
18 10 2017 1 2 3 40 43
25 10 2017 4 10 17 38 50
01 11 2017 3 4 15 31 38
08 11 2017 13 14 16 21 33
15 11 2017 17 30 37 42 46
22 11 2017 9 14 16 20 50
29 11 2017 1 6 11 24 50
06 12 2017 3 9 17 29 31
13 12 2017 5 11 31 34 47
20 12 2017 19 20 23 38 47
27 12 2017 1 4 35 38 39
03 01 2018 9 20 21 25 40
10 01 2018 22 28 42 44 50
17 01 2018 8 10 29 31 44
24 01 2018 11 21 35 39 50
31 01 2018 11 15 22 24 31
07 02 2018 11 21 38 40 49
14 02 2018 14 15 16 32 43
21 02 2018 1 25 37 42 46
28 02 2018 14 26 32 44 46
07 03 2018 9 16 18 27 45
14 03 2018 4 26 37 42 47
21 03 2018 14 36 37 45 46
28 03 2018 2 16 18 30 35
04 04 2018 11 28 41 42 43
11 04 2018 9 13 16 24 32
18 04 2018 3 5 10 20 25
25 04 2018 4 8 18 21 43
02 05 2018 1 21 26 36 38
09 05 2018 2 29 35 48 50
16 05 2018 8 23 34 43 44
23 05 2018 23 31 33 48 50
30 05 2018 2 5 28 35 42
06 06 2018 2 9 12 15 45
13 06 2018 18 19 20 41 50
20 06 2018 4 7 21 45 47
27 06 2018 4 17 23 49 50
04 07 2018 1 8 20 26 33
11 07 2018 1 24 35 43 49
18 07 2018 10 12 29 36 46
25 07 2018 3 12 28 33 48
01 08 2018 4 9 20 41 45
08 08 2018 10 21 22 32 44
15 08 2018 4 21 22 29 30
22 08 2018 14 21 26 29 33
29 08 2018 1 13 30 38 49
05 09 2018 11 13 22 28 31
12 09 2018 7 12 24 33 36
19 09 2018 7 16 19 28 49
26 09 2018 4 7 29 33 47
03 10 2018 5 28 34 48 50
10 10 2018 28 40 42 46 48
17 10 2018 5 6 21 23 28
24 10 2018 8 15 26 41 44
31 10 2018 29 41 42 44 49
07 11 2018 8 12 15 37 47
14 11 2018 16 29 32 37 42
21 11 2018 6 27 33 45 49
28 11 2018 2 12 22 25 49
05 12 2018 8 17 22 33 41
12 12 2018 9 15 31 35 44
19 12 2018 7 8 12 45 48
26 12 2018 16 27 37 38 44
02 01 2019 1 19 24 28 44
09 01 2019 4 12 25 45 49
16 01 2019 3 11 17 26 36
23 01 2019 17 27 43 47 50
30 01 2019 8 24 35 44 50
06 02 2019 6 13 31 40 45
13 02 2019 2 9 15 42 48
20 02 2019 22 26 42 43 45
27 02 2019 8 12 13 20 31
06 03 2019 8 11 14 16 31
13 03 2019 7 11 16 17 21
20 03 2019 21 28 29 35 38
27 03 2019 26 35 36 39 45
03 04 2019 17 22 27 28 44
10 04 2019 5 6 37 44 46
17 04 2019 14 18 24 26 46
24 04 2019 6 36 39 43 44
01 05 2019 19 22 30 33 42
08 05 2019 4 7 14 20 29
15 05 2019 8 23 25 32 35
22 05 2019 1 8 18 30 46
29 05 2019 11 13 25 35 40
05 06 2019 14 15 20 22 33
12 06 2019 4 7 23 45 48
19 06 2019 14 23 26 32 38
26 06 2019 6 7 16 21 45
03 07 2019 1 6 19 26 46
10 07 2019 2 8 12 26 48
17 07 2019 17 19 34 36 50
24 07 2019 14 29 35 40 45
31 07 2019 3 17 23 25 50
07 08 2019 5 10 19 42 46
14 08 2019 10 13 26 35 41
21 08 2019 1 2 5 25 39
28 08 2019 27 31 35 40 43
04 09 2019 4 8 18 36 46
11 09 2019 20 22 36 46 48
18 09 2019 4 37 38 40 42
25 09 2019 16 28 33 43 47
02 10 2019 17 21 27 28 29
09 10 2019 9 16 19 38 42
16 10 2019 11 46 47 49 50
23 10 2019 16 18 19 33 46
30 10 2019 2 9 27 30 46
06 11 2019 26 33 39 47 50
13 11 2019 3 5 15 34 49
20 11 2019 2 42 48 49 50
27 11 2019 11 17 34 44 49
04 12 2019 10 21 32 36 41
11 12 2019 19 25 35 37 44
18 12 2019 9 26 29 45 46
25 12 2019 10 11 20 29 47
01 01 2020 9 23 24 45 46
08 01 2020 2 7 13 14 47
15 01 2020 2 8 18 32 34
22 01 2020 18 20 37 45 46
29 01 2020 12 20 23 43 50
05 02 2020 2 23 29 42 44
12 02 2020 36 40 41 46 49
19 02 2020 2 15 19 27 50
26 02 2020 1 3 29 44 46
04 03 2020 1 4 35 47 48
11 03 2020 17 18 19 43 46
18 03 2020 7 13 17 18 47
25 03 2020 33 37 38 41 48
01 04 2020 6 27 30 32 39
08 04 2020 6 10 11 28 29
15 04 2020 5 11 37 42 46
22 04 2020 5 15 22 29 41
29 04 2020 1 32 33 35 40
06 05 2020 15 16 20 27 50
13 05 2020 10 22 27 29 36
20 05 2020 16 38 45 46 50
27 05 2020 4 5 26 37 40
03 06 2020 18 28 32 33 35
10 06 2020 1 3 19 22 48
17 06 2020 10 14 17 18 49
24 06 2020 14 36 37 46 47
01 07 2020 3 8 13 22 34
08 07 2020 5 9 31 36 49
15 07 2020 5 7 13 36 39
22 07 2020 11 29 35 47 48
29 07 2020 32 35 38 46 49
05 08 2020 3 7 15 36 48
12 08 2020 2 5 11 15 35
19 08 2020 7 8 17 29 49
26 08 2020 14 15 18 43 48
02 09 2020 11 21 45 47 48
09 09 2020 23 32 42 44 45
16 09 2020 2 26 34 39 41
23 09 2020 7 9 12 19 28
30 09 2020 6 17 18 27 31
07 10 2020 20 21 26 42 44
14 10 2020 2 8 19 38 48
21 10 2020 3 5 29 33 50
28 10 2020 2 10 16 18 41
04 11 2020 10 17 27 28 30
11 11 2020 5 13 25 45 49
18 11 2020 7 19 25 35 50
25 11 2020 7 12 25 49 50
02 12 2020 10 11 26 29 31
09 12 2020 13 14 23 29 39
16 12 2020 6 7 17 25 40
23 12 2020 5 24 27 33 38
30 12 2020 3 5 24 29 49
06 01 2021 4 10 12 30 31
13 01 2021 22 25 37 40 42
20 01 2021 9 21 34 44 50
27 01 2021 1 2 17 26 31
03 02 2021 16 27 31 37 40
10 02 2021 16 19 28 35 40
17 02 2021 2 7 25 29 39
24 02 2021 12 19 26 49 50
03 03 2021 11 29 31 38 46
10 03 2021 7 9 20 32 45
17 03 2021 5 15 22 23 26
24 03 2021 16 29 34 39 40
31 03 2021 7 10 16 30 37
07 04 2021 7 14 18 34 36
14 04 2021 12 13 17 30 33
21 04 2021 4 5 8 37 47
28 04 2021 16 28 32 33 43
05 05 2021 4 6 24 30 47
12 05 2021 6 16 30 36 41
19 05 2021 3 5 10 20 42
26 05 2021 8 19 36 39 50
02 06 2021 2 28 32 40 46
09 06 2021 5 11 30 34 45
16 06 2021 10 11 18 24 35
23 06 2021 1 6 9 14 29
30 06 2021 2 11 27 32 34
07 07 2021 2 11 18 19 50
14 07 2021 6 10 16 17 29
21 07 2021 1 17 23 45 50
28 07 2021 12 29 37 41 47
04 08 2021 10 20 21 41 49
11 08 2021 8 24 25 34 44
18 08 2021 9 13 35 38 47
25 08 2021 2 28 45 48 49
01 09 2021 23 27 40 46 48
08 09 2021 5 9 17 28 39
15 09 2021 8 9 10 17 30
22 09 2021 13 27 32 34 42
29 09 2021 2 39 41 45 49
06 10 2021 13 17 40 43 46
13 10 2021 3 10 12 36 42
20 10 2021 1 3 7 20 30
27 10 2021 12 21 25 27 33
03 11 2021 4 9 16 21 47
10 11 2021 14 20 31 42 49
17 11 2021 12 13 30 41 49
24 11 2021 6 8 22 44 48
01 12 2021 8 12 30 49 50
08 12 2021 17 25 28 33 45
15 12 2021 6 33 36 45 48
22 12 2021 8 26 27 43 45
29 12 2021 4 8 17 20 35
05 01 2022 3 8 9 12 44
12 01 2022 7 14 17 37 38
19 01 2022 14 17 34 40 49
26 01 2022 1 6 29 33 49
02 02 2022 10 25 27 33 34
09 02 2022 13 28 30 40 42
16 02 2022 6 8 39 48 49
23 02 2022 6 23 24 25 37
02 03 2022 12 24 38 41 47
09 03 2022 10 30 38 41 45
16 03 2022 1 5 17 29 35
23 03 2022 6 23 34 44 46
30 03 2022 11 12 13 23 24
06 04 2022 4 21 30 46 47
13 04 2022 6 7 12 23 27
20 04 2022 1 10 19 37 46
27 04 2022 26 28 30 31 46
04 05 2022 14 21 25 27 49
11 05 2022 11 13 24 39 40
18 05 2022 5 10 22 45 50
25 05 2022 6 14 21 28 45
01 06 2022 2 6 7 33 47
08 06 2022 8 9 13 27 34
15 06 2022 7 11 13 23 33
22 06 2022 2 12 19 26 42
29 06 2022 10 14 18 21 22
06 07 2022 5 15 33 44 48
13 07 2022 1 11 15 21 24
20 07 2022 3 11 34 46 50
27 07 2022 7 15 30 35 43
03 08 2022 27 29 36 44 50
10 08 2022 7 18 27 42 48
17 08 2022 3 9 16 17 18
24 08 2022 11 14 28 40 44
31 08 2022 2 18 30 43 46
07 09 2022 3 15 16 17 23
14 09 2022 8 15 32 39 42
21 09 2022 1 8 25 28 41
28 09 2022 18 24 36 45 46
05 10 2022 18 39 44 47 49
12 10 2022 9 32 33 37 48
19 10 2022 3 14 25 31 50
26 10 2022 12 22 32 36 48
02 11 2022 10 19 37 40 43
09 11 2022 10 19 30 33 44
16 11 2022 7 19 21 28 46
23 11 2022 7 11 29 36 39
30 11 2022 1 12 17 33 41
07 12 2022 1 4 16 24 25
14 12 2022 1 13 14 17 35
21 12 2022 8 9 17 30 34
28 12 2022 4 21 22 24 38
04 01 2023 9 10 17 47 49
11 01 2023 11 22 24 34 49
18 01 2023 24 31 36 40 50
25 01 2023 2 3 38 39 46
01 02 2023 14 18 28 38 41
08 02 2023 9 14 16 24 37
15 02 2023 7 17 24 26 40
22 02 2023 1 7 25 30 41
01 03 2023 21 25 43 46 50
08 03 2023 8 13 25 29 34
15 03 2023 3 8 16 22 30
22 03 2023 10 19 22 23 47
29 03 2023 14 24 27 46 50
05 04 2023 6 36 38 40 50
12 04 2023 14 17 37 40 50
19 04 2023 11 29 31 39 46
26 04 2023 6 9 14 33 36
03 05 2023 13 15 21 40 41
10 05 2023 14 17 34 39 47
17 05 2023 13 14 26 37 49
24 05 2023 4 17 18 19 33
31 05 2023 7 11 15 16 45
07 06 2023 7 14 29 43 46
14 06 2023 7 17 20 27 31
21 06 2023 8 22 35 39 40
28 06 2023 2 4 25 34 49
05 07 2023 1 16 19 21 24
12 07 2023 10 13 35 38 46
19 07 2023 7 10 13 16 40
26 07 2023 5 9 10 13 44
02 08 2023 18 19 39 43 45
09 08 2023 8 20 25 28 43
16 08 2023 1 30 40 41 42
23 08 2023 4 13 14 18 25
30 08 2023 13 24 31 37 46
06 09 2023 8 12 23 25 34
13 09 2023 6 24 30 31 41
20 09 2023 5 17 24 33 44
27 09 2023 6 25 26 27 35
04 10 2023 1 30 39 40 43
11 10 2023 13 24 27 35 48
18 10 2023 8 33 42 44 50
25 10 2023 13 22 27 37 38
01 11 2023 4 11 16 32 47
08 11 2023 1 13 24 37 42
15 11 2023 1 15 16 41 42
22 11 2023 4 23 40 43 45
29 11 2023 5 16 24 34 37
06 12 2023 4 30 33 37 45
13 12 2023 5 11 42 48 49
20 12 2023 11 13 15 21 40
27 12 2023 5 7 28 29 39
03 01 2024 1 11 19 21 43
10 01 2024 2 4 22 31 46
17 01 2024 4 14 27 31 35
24 01 2024 15 18 22 43 45
31 01 2024 3 16 26 28 38
07 02 2024 4 13 34 40 43
14 02 2024 18 24 25 43 48
21 02 2024 6 20 21 23 50
28 02 2024 9 13 35 40 48
06 03 2024 11 27 32 48 49
13 03 2024 10 28 32 35 49
20 03 2024 2 5 13 16 43
27 03 2024 11 31 41 44 46
03 04 2024 2 10 14 15 24
10 04 2024 5 13 24 25 33
17 04 2024 4 6 17 36 39
24 04 2024 13 36 40 46 48
01 05 2024 17 25 29 38 50
08 05 2024 7 17 19 24 44
15 05 2024 1 25 27 35 41
22 05 2024 8 22 29 35 47
29 05 2024 3 4 29 34 43
05 06 2024 18 24 25 43 49
12 06 2024 34 38 41 46 47
19 06 2024 7 14 21 34 40
26 06 2024 22 24 32 34 42
03 07 2024 15 18 27 31 45
10 07 2024 9 19 20 24 49
17 07 2024 6 21 23 32 42
24 07 2024 8 10 11 45 46
31 07 2024 4 10 19 28 45
07 08 2024 1 22 34 37 44
14 08 2024 10 14 16 17 41
21 08 2024 31 35 37 44 50
28 08 2024 22 27 29 36 44
04 09 2024 6 30 33 39 46
11 09 2024 3 25 26 35 50
18 09 2024 12 21 37 41 44
25 09 2024 2 4 16 22 36
02 10 2024 9 16 39 46 47
09 10 2024 8 14 24 33 38
16 10 2024 9 15 33 39 42
23 10 2024 1 17 28 32 38
30 10 2024 10 20 45 46 49
06 11 2024 11 21 31 37 39
13 11 2024 3 8 18 28 35
20 11 2024 6 16 17 39 50
27 11 2024 8 21 22 26 28
04 12 2024 2 4 9 22 36
11 12 2024 13 18 23 49 50